/*--------------------------------*- C++ -*----------------------------------*\
| =========                 |                                                 |
| \\      /  F ield         | OpenFOAM: The Open Source CFD Toolbox           |
|  \\    /   O peration     | Version:  2412                                  |
|   \\  /    A nd           | Website:  www.openfoam.com                      |
|    \\/     M anipulation  |                                                 |
\*---------------------------------------------------------------------------*/
FoamFile
{
    version     2.0;
    format      ascii;
    arch        "LSB;label=32;scalar=64";
    class       cellSet;
    location    "constant/polyMesh/sets";
    object      c0;
}
// * * * * * * * * * * * * * * * * * * * * * * * * * * * * * * * * * * * * * //


1920
(
0
1
2
3
4
5
6
7
8
9
10
11
12
13
14
15
16
17
18
19
20
21
22
23
24
25
26
27
28
29
30
31
32
33
34
16419
35
16420
36
16421
37
16422
38
16423
39
16424
40
41
42
43
44
45
46
47
48
49
50
12339
51
12340
52
12341
53
12342
54
12343
55
12344
56
57
58
59
60
61
62
63
64
65
66
8259
67
8260
68
8261
69
8262
70
8263
71
8264
72
73
74
75
76
77
78
79
80
81
82
4179
83
4180
84
4181
85
4182
86
4183
87
4184
88
89
90
91
92
93
94
95
96
97
98
99
100
101
102
103
104
105
106
107
108
109
110
111
112
113
114
115
116
117
118
119
120
121
122
123
124
125
126
127
128
129
130
131
132
133
134
135
136
16521
137
16522
138
16523
139
16524
140
16525
141
16526
142
143
144
145
146
147
148
149
150
151
152
12441
153
12442
154
12443
155
12444
156
12445
157
12446
158
159
160
161
162
163
164
165
166
167
168
8361
169
8362
170
8363
171
8364
172
8365
173
8366
174
175
176
177
178
179
180
181
182
183
184
4281
185
4282
186
4283
187
4284
188
4285
189
4286
190
191
192
193
194
195
196
197
198
199
200
201
202
203
204
205
206
207
208
209
210
211
212
213
214
215
216
217
218
219
220
221
222
223
224
225
226
227
228
229
230
231
232
233
234
235
236
237
238
16623
239
16624
240
16625
241
16626
242
16627
243
16628
244
245
246
247
248
249
250
251
252
253
254
12543
255
12544
256
12545
257
12546
258
12547
259
12548
260
261
262
263
264
265
266
267
268
269
270
8463
271
8464
272
8465
273
8466
274
8467
275
8468
276
277
278
279
280
281
282
283
284
285
286
4383
287
4384
288
4385
289
4386
290
4387
291
4388
292
293
294
295
296
297
298
299
300
301
302
303
304
305
306
307
308
16725
16726
16727
16728
16729
16730
12645
12646
12647
12648
12649
12650
8565
8566
8567
8568
8569
8570
4485
4486
4487
4488
4489
4490
405
406
407
408
409
410
16827
16828
16829
16830
16831
16832
12747
12748
12749
12750
12751
12752
8667
8668
8669
8670
8671
8672
4587
4588
4589
4590
4591
4592
507
508
509
510
511
512
16929
16930
16931
16932
16933
16934
12849
12850
12851
12852
12853
12854
8769
8770
8771
8772
8773
8774
4689
4690
4691
4692
4693
4694
609
610
611
612
613
614
17031
17032
17033
17034
17035
17036
12951
12952
12953
12954
12955
12956
8871
8872
8873
8874
8875
8876
4791
4792
4793
4794
4795
4796
711
712
713
714
715
716
17133
17134
17135
17136
17137
17138
13053
13054
13055
13056
13057
13058
8973
8974
8975
8976
8977
8978
4893
4894
4895
4896
4897
4898
813
814
815
816
817
818
17235
17236
17237
17238
17239
17240
13155
13156
13157
13158
13159
13160
9075
9076
9077
9078
9079
9080
4995
4996
4997
4998
4999
5000
915
916
917
918
919
920
17337
17338
17339
17340
17341
17342
13257
13258
13259
13260
13261
13262
9177
9178
9179
9180
9181
9182
5097
5098
5099
5100
5101
5102
1017
1018
1019
1020
1021
1022
17439
17440
17441
17442
17443
17444
13359
13360
13361
13362
13363
13364
9279
9280
9281
9282
9283
9284
5199
5200
5201
5202
5203
5204
1119
1120
1121
1122
1123
1124
17541
17542
17543
17544
17545
17546
13461
13462
13463
13464
13465
13466
9381
9382
9383
9384
9385
9386
5301
5302
5303
5304
5305
5306
1221
1222
1223
1224
1225
1226
17643
17644
17645
17646
17647
17648
13563
13564
13565
13566
13567
13568
9483
9484
9485
9486
9487
9488
5403
5404
5405
5406
5407
5408
1323
1324
1325
1326
1327
1328
17745
17746
17747
17748
17749
17750
13665
13666
13667
13668
13669
13670
9585
9586
9587
9588
9589
9590
5505
5506
5507
5508
5509
5510
1425
1426
1427
1428
1429
1430
17847
17848
17849
17850
17851
17852
13767
13768
13769
13770
13771
13772
9687
9688
9689
9690
9691
9692
5607
5608
5609
5610
5611
5612
1527
1528
1529
1530
1531
1532
17949
17950
17951
17952
17953
17954
13869
13870
13871
13872
13873
13874
9789
9790
9791
9792
9793
9794
5709
5710
5711
5712
5713
5714
1629
1630
1631
1632
1633
1634
18051
18052
18053
18054
18055
18056
13971
13972
13973
13974
13975
13976
9891
9892
9893
9894
9895
9896
5811
5812
5813
5814
5815
5816
1731
1732
1733
1734
1735
1736
18153
18154
18155
18156
18157
18158
14073
14074
14075
14076
14077
14078
9993
9994
9995
9996
9997
9998
5913
5914
5915
5916
5917
5918
1833
1834
1835
1836
1837
1838
18255
18256
18257
18258
18259
18260
14175
14176
14177
14178
14179
14180
10095
10096
10097
10098
10099
10100
6015
6016
6017
6018
6019
6020
1935
1936
1937
1938
1939
1940
18357
18358
18359
18360
18361
18362
14277
14278
14279
14280
14281
14282
10197
10198
10199
10200
10201
10202
6117
6118
6119
6120
6121
6122
2037
2038
2039
2040
2041
2042
18459
18460
18461
18462
18463
18464
14379
14380
14381
14382
14383
14384
10299
10300
10301
10302
10303
10304
6219
6220
6221
6222
6223
6224
2139
2140
2141
2142
2143
2144
18561
18562
18563
18564
18565
18566
14481
14482
14483
14484
14485
14486
10401
10402
10403
10404
10405
10406
6321
6322
6323
6324
6325
6326
2241
2242
2243
2244
2245
2246
18663
18664
18665
18666
18667
18668
14583
14584
14585
14586
14587
14588
10503
10504
10505
10506
10507
10508
6423
6424
6425
6426
6427
6428
2343
2344
2345
2346
2347
2348
18765
18766
18767
18768
18769
18770
14685
14686
14687
14688
14689
14690
10605
10606
10607
10608
10609
10610
6525
6526
6527
6528
6529
6530
2445
2446
2447
2448
2449
2450
18867
18868
18869
18870
18871
18872
14787
14788
14789
14790
14791
14792
10707
10708
10709
10710
10711
10712
6627
6628
6629
6630
6631
6632
2547
2548
2549
2550
2551
2552
18969
18970
18971
18972
18973
18974
14889
14890
14891
14892
14893
14894
10809
10810
10811
10812
10813
10814
6729
6730
6731
6732
6733
6734
2649
2650
2651
2652
2653
2654
19071
19072
19073
19074
19075
19076
19077
19078
19079
19080
19081
19082
19083
19084
19085
19086
19087
14991
19088
14992
19089
14993
19090
14994
19091
14995
19092
14996
19093
19094
19095
19096
19097
19098
19099
19100
19101
19102
19103
10911
19104
10912
19105
10913
19106
10914
19107
10915
19108
10916
19109
19110
19111
19112
19113
19114
19115
19116
19117
19118
19119
6831
19120
6832
19121
6833
19122
6834
19123
6835
19124
6836
19125
19126
19127
19128
19129
19130
19131
19132
19133
19134
19135
2751
19136
2752
19137
2753
19138
2754
19139
2755
19140
2756
19141
19142
19143
19144
19145
19146
19147
19148
19149
19150
19151
19152
19153
19154
19155
19156
19157
19158
19159
19160
19161
19162
19163
19164
19165
19166
19167
19168
19169
19170
19171
19172
19173
19174
19175
19176
19177
19178
19179
19180
19181
19182
19183
19184
19185
19186
19187
19188
19189
15093
19190
15094
19191
15095
19192
15096
19193
15097
19194
15098
19195
19196
19197
19198
19199
19200
19201
19202
19203
19204
19205
11013
19206
11014
19207
11015
19208
11016
19209
11017
19210
11018
19211
19212
19213
19214
19215
19216
19217
19218
19219
19220
19221
6933
19222
6934
19223
6935
19224
6936
19225
6937
19226
6938
19227
19228
19229
19230
19231
19232
19233
19234
19235
19236
19237
2853
19238
2854
19239
2855
19240
2856
19241
2857
19242
2858
19243
19244
19245
19246
19247
19248
19249
19250
19251
19252
19253
19254
19255
19256
19257
19258
19259
19260
19261
19262
19263
19264
19265
19266
19267
19268
19269
19270
19271
19272
19273
19274
19275
19276
19277
19278
19279
19280
19281
19282
19283
19284
19285
19286
19287
19288
19289
19290
19291
15195
19292
15196
19293
15197
19294
15198
19295
15199
19296
15200
19297
19298
19299
19300
19301
19302
19303
19304
19305
19306
19307
11115
19308
11116
19309
11117
19310
11118
19311
11119
19312
11120
19313
19314
19315
19316
19317
19318
19319
19320
19321
19322
19323
7035
19324
7036
19325
7037
19326
7038
19327
7039
19328
7040
19329
19330
19331
19332
19333
19334
19335
19336
19337
19338
19339
2955
19340
2956
19341
2957
19342
2958
19343
2959
19344
2960
19345
19346
19347
19348
19349
19350
19351
19352
19353
19354
19355
19356
19357
19358
19359
19360
19361
19362
19363
19364
19365
19366
19367
19368
19369
19370
19371
19372
19373
19374
19375
19376
19377
19378
19379
19380
19381
19382
19383
19384
19385
19386
19387
19388
19389
19390
19391
19392
19393
15297
19394
15298
19395
15299
19396
15300
19397
15301
19398
15302
19399
19400
19401
19402
19403
19404
19405
19406
19407
19408
19409
11217
19410
11218
19411
11219
19412
11220
19413
11221
19414
11222
19415
19416
19417
19418
19419
19420
19421
19422
19423
19424
19425
7137
19426
7138
19427
7139
19428
7140
19429
7141
19430
7142
19431
19432
19433
19434
19435
19436
19437
19438
19439
19440
19441
3057
19442
3058
19443
3059
19444
3060
19445
3061
19446
3062
19447
19448
19449
19450
19451
19452
19453
19454
19455
19456
19457
19458
19459
19460
19461
19462
19463
19464
19465
19466
19467
19468
19469
19470
19471
19472
19473
19474
19475
19476
19477
19478
19479
19480
19481
19482
19483
19484
19485
19486
19487
19488
19489
19490
19491
19492
19493
19494
19495
15399
19496
15400
19497
15401
19498
15402
19499
15403
19500
15404
19501
19502
19503
19504
19505
19506
19507
19508
19509
19510
19511
11319
19512
11320
19513
11321
19514
11322
19515
11323
19516
11324
19517
19518
19519
19520
19521
19522
19523
19524
19525
19526
19527
7239
19528
7240
19529
7241
19530
7242
19531
7243
19532
7244
19533
19534
19535
19536
19537
19538
19539
19540
19541
19542
19543
3159
19544
3160
19545
3161
19546
3162
19547
3163
19548
3164
19549
19550
19551
19552
19553
19554
19555
19556
19557
19558
19559
19560
19561
19562
19563
19564
19565
19566
19567
19568
19569
19570
19571
19572
19573
19574
19575
19576
19577
19578
19579
19580
19581
19582
19583
15501
15502
15503
15504
15505
15506
11421
11422
11423
11424
11425
11426
7341
7342
7343
7344
7345
7346
3261
3262
3263
3264
3265
3266
15603
15604
15605
15606
15607
15608
11523
11524
11525
11526
11527
11528
7443
7444
7445
7446
7447
7448
3363
3364
3365
3366
3367
3368
15705
15706
15707
15708
15709
15710
11625
11626
11627
11628
11629
11630
7545
7546
7547
7548
7549
7550
3465
3466
3467
3468
3469
3470
15807
15808
15809
15810
15811
15812
11727
11728
11729
11730
11731
11732
7647
7648
7649
7650
7651
7652
3567
3568
3569
3570
3571
3572
15909
15910
15911
15912
15913
15914
11829
11830
11831
11832
11833
11834
7749
7750
7751
7752
7753
7754
3669
3670
3671
3672
3673
3674
16011
16012
16013
16014
16015
16016
11931
11932
11933
11934
11935
11936
7851
7852
7853
7854
7855
7856
3771
3772
3773
3774
3775
3776
16113
16114
16115
16116
16117
16118
12033
12034
12035
12036
12037
12038
7953
7954
7955
7956
7957
7958
3873
3874
3875
3876
3877
3878
16215
16216
16217
16218
16219
16220
12135
12136
12137
12138
12139
12140
8055
8056
8057
8058
8059
8060
3975
3976
3977
3978
3979
3980
16317
16318
16319
16320
16321
16322
12237
12238
12239
12240
12241
12242
8157
8158
8159
8160
8161
8162
4077
4078
4079
4080
4081
4082
)


// ************************************************************************* //
