/*--------------------------------*- C++ -*----------------------------------*\
| =========                 |                                                 |
| \\      /  F ield         | OpenFOAM: The Open Source CFD Toolbox           |
|  \\    /   O peration     | Version:  2412                                  |
|   \\  /    A nd           | Website:  www.openfoam.com                      |
|    \\/     M anipulation  |                                                 |
\*---------------------------------------------------------------------------*/
FoamFile
{
    version     2.0;
    format      ascii;
    arch        "LSB;label=32;scalar=64";
    note        "nPoints:4988  nCells:1920  nFaces:8254  nInternalFaces:3266";
    class       labelList;
    location    "constant/polyMesh";
    object      neighbour;
}
// * * * * * * * * * * * * * * * * * * * * * * * * * * * * * * * * * * * * * //


3266
(
1
102
2
103
3
104
4
105
5
106
6
107
7
108
8
109
9
110
10
111
11
112
12
113
13
114
14
115
15
116
16
117
17
118
18
119
19
120
20
121
21
122
22
123
23
124
24
125
25
126
26
127
27
128
28
129
29
130
30
131
31
132
32
133
33
134
34
135
35
136
36
137
37
138
38
139
39
140
40
141
41
142
42
143
43
144
44
145
45
146
46
147
47
148
48
149
49
150
50
151
51
152
52
153
53
154
54
155
55
156
56
157
57
158
58
159
59
160
60
161
61
162
62
163
63
164
64
165
65
166
66
167
67
168
68
169
69
170
70
171
71
172
72
173
73
174
74
175
75
176
76
177
77
178
78
179
79
180
80
181
81
182
82
183
83
184
84
185
85
186
86
187
87
188
88
189
89
190
90
191
91
192
92
193
93
194
94
195
95
196
96
197
97
198
98
199
99
200
100
201
101
202
203
103
204
104
205
105
206
106
207
107
208
108
209
109
210
110
211
111
212
112
213
113
214
114
215
115
216
116
217
117
218
118
219
119
220
120
221
121
222
122
223
123
224
124
225
125
226
126
227
127
228
128
229
129
230
130
231
131
232
132
233
133
234
134
235
135
236
136
237
137
238
138
239
139
240
140
241
141
242
142
243
143
244
144
245
145
246
146
247
147
248
148
249
149
250
150
251
151
252
152
253
153
254
154
255
155
256
156
257
157
258
158
259
159
260
160
261
161
262
162
263
163
264
164
265
165
266
166
267
167
268
168
269
169
270
170
271
171
272
172
273
173
274
174
275
175
276
176
277
177
278
178
279
179
280
180
281
181
282
182
283
183
284
184
285
185
286
186
287
187
288
188
289
189
290
190
291
191
292
192
293
193
294
194
295
195
296
196
297
197
298
198
299
199
300
200
301
201
302
202
303
203
304
305
205
306
206
307
207
308
208
209
210
211
212
213
214
215
216
217
218
219
220
221
222
223
224
225
226
227
228
229
230
231
232
233
234
235
236
237
238
239
240
241
242
243
244
245
246
247
248
249
250
251
252
253
254
255
256
257
258
259
260
261
262
263
264
265
266
267
268
269
270
271
272
273
274
275
276
277
278
279
280
281
282
283
284
285
286
287
288
289
290
291
292
293
294
295
296
297
298
299
300
301
302
303
304
309
305
310
311
307
312
308
313
314
310
315
311
316
317
313
318
314
319
320
316
321
317
322
323
319
324
320
325
326
322
327
323
328
329
325
330
326
331
332
328
333
329
334
335
331
336
332
337
338
334
339
335
340
341
337
342
338
343
344
340
345
341
346
347
343
348
344
349
350
346
351
347
352
353
349
354
350
355
356
352
357
353
358
359
355
360
356
361
362
358
363
359
364
365
361
366
362
367
368
364
369
365
370
371
367
372
368
373
374
370
375
371
376
377
373
378
374
379
380
376
381
377
382
383
379
384
380
385
386
382
387
383
388
389
385
390
386
391
392
388
393
389
394
395
391
396
392
397
398
394
399
395
400
401
397
402
398
403
404
400
405
401
406
407
403
408
404
409
410
406
411
407
412
413
409
414
410
415
416
412
417
413
418
419
415
420
416
421
422
418
423
419
424
425
421
426
422
427
428
424
429
425
430
431
427
432
428
433
434
430
435
431
436
437
433
438
434
439
440
436
441
437
442
443
439
444
440
445
446
442
447
443
448
449
445
450
446
451
452
448
453
449
454
455
451
456
452
457
458
454
459
455
460
461
457
462
458
463
464
460
465
461
466
467
463
468
464
469
470
466
471
467
472
473
469
474
470
475
476
472
477
473
478
479
475
480
476
481
482
478
483
479
484
485
481
486
482
487
488
484
489
485
490
491
487
492
488
493
494
490
495
491
496
497
493
498
494
499
500
496
501
497
502
503
499
504
500
505
506
502
507
503
508
509
505
510
506
511
512
508
513
509
514
515
511
516
512
517
518
514
519
515
520
521
517
522
518
523
524
520
525
521
526
527
523
528
524
529
530
526
531
527
532
533
529
534
530
535
536
532
537
533
538
539
535
540
536
541
542
538
543
539
544
545
541
546
542
547
548
544
549
545
550
551
547
552
548
553
554
550
555
551
556
557
553
558
554
559
560
556
561
557
562
563
559
564
560
565
566
562
567
563
568
569
565
570
566
571
572
568
573
569
574
575
571
576
572
577
578
574
579
575
580
581
577
582
578
583
584
580
585
581
586
587
583
588
584
589
590
586
591
587
592
593
589
594
590
595
596
592
597
593
598
599
595
600
596
601
602
598
603
599
604
605
601
606
602
607
608
604
609
605
610
611
607
612
608
613
614
610
615
611
616
617
613
618
614
619
620
616
621
617
622
623
619
624
620
625
626
622
627
623
628
629
625
630
626
631
632
628
633
629
634
635
631
636
632
637
638
634
639
635
640
641
637
642
638
643
644
640
645
641
646
647
643
648
644
649
650
646
651
647
652
653
649
654
650
655
656
652
657
653
658
659
655
660
656
661
662
658
663
659
664
665
661
666
662
667
668
664
669
665
670
671
667
672
668
673
674
670
675
671
676
677
673
678
674
679
680
676
681
677
682
683
679
684
680
685
686
682
687
683
688
689
685
690
686
691
692
688
693
689
694
695
691
696
692
697
698
694
699
695
700
701
697
702
698
703
704
700
705
701
706
707
703
708
704
709
710
706
711
707
712
713
709
714
710
715
716
712
717
713
718
719
715
720
716
721
722
718
723
719
724
725
721
726
722
727
728
724
729
725
730
731
727
732
728
733
734
730
735
731
736
737
733
738
734
739
740
736
741
737
742
743
739
744
740
745
746
742
747
743
748
749
745
750
746
751
752
748
753
749
754
755
751
756
752
757
758
754
759
755
760
761
757
762
758
763
764
760
765
761
766
767
763
768
764
769
770
766
771
767
772
773
769
774
770
775
776
772
777
773
778
779
775
780
776
781
782
778
783
779
784
785
781
786
782
787
788
784
789
785
790
791
787
792
788
793
794
790
795
791
796
797
793
798
794
799
800
796
801
797
802
803
799
804
800
805
806
802
807
803
808
809
805
810
806
811
812
808
813
809
814
815
811
816
812
817
818
814
819
815
820
821
817
822
818
823
824
820
825
821
826
827
823
828
824
829
830
826
831
827
832
833
829
834
830
835
836
832
837
833
838
839
835
840
836
841
842
838
843
839
844
845
841
846
842
847
848
844
849
845
850
851
847
852
848
853
854
850
855
851
856
857
853
858
854
859
860
856
861
857
862
863
859
864
860
865
866
862
867
863
868
869
865
870
866
871
872
868
873
869
874
875
871
876
872
877
878
874
879
875
880
881
877
882
878
883
884
880
885
881
886
887
883
888
884
889
890
886
891
887
892
893
889
894
890
895
896
892
897
893
898
899
895
900
896
901
902
898
903
899
904
905
901
906
902
907
908
904
909
905
910
911
907
912
908
913
914
910
915
911
916
917
913
918
914
919
920
916
921
917
922
923
919
924
920
925
926
922
927
923
928
929
925
930
926
931
932
928
933
929
934
935
931
936
932
937
938
934
939
935
940
941
937
942
938
943
944
940
945
941
946
947
943
948
944
949
950
946
951
947
952
953
949
954
950
955
956
952
957
953
958
959
955
960
956
961
962
958
963
959
964
965
961
966
962
967
968
964
969
965
970
971
967
972
968
973
974
970
975
971
976
977
973
978
974
979
980
976
981
977
982
983
979
984
980
985
986
982
987
983
988
989
985
990
986
991
992
988
993
989
994
995
991
996
992
997
998
994
999
995
1000
1001
997
1002
998
1003
1004
1000
1005
1001
1006
1007
1003
1008
1004
1009
1010
1006
1011
1007
1012
1013
1009
1014
1010
1015
1016
1012
1017
1013
1018
1019
1015
1020
1016
1021
1022
1018
1023
1019
1024
1025
1021
1026
1022
1027
1028
1024
1029
1025
1030
1031
1027
1032
1028
1033
1034
1030
1035
1031
1036
1037
1033
1038
1034
1039
1040
1036
1041
1037
1042
1043
1039
1044
1040
1045
1046
1042
1047
1043
1048
1049
1045
1050
1046
1051
1052
1048
1053
1049
1054
1055
1051
1056
1052
1057
1058
1054
1059
1055
1060
1061
1057
1062
1058
1063
1064
1060
1065
1061
1066
1067
1063
1068
1064
1069
1070
1066
1071
1067
1072
1073
1069
1074
1070
1075
1076
1072
1077
1073
1078
1079
1075
1080
1076
1081
1082
1078
1083
1079
1084
1085
1081
1086
1082
1087
1088
1084
1089
1085
1090
1091
1087
1092
1088
1093
1094
1090
1095
1091
1096
1097
1093
1098
1094
1099
1100
1096
1101
1097
1102
1103
1099
1104
1100
1105
1106
1102
1107
1103
1108
1109
1105
1110
1106
1111
1112
1108
1113
1109
1114
1115
1111
1116
1112
1117
1118
1114
1119
1115
1120
1121
1117
1122
1118
1123
1124
1120
1125
1121
1126
1127
1123
1128
1124
1129
1130
1126
1131
1127
1132
1133
1129
1134
1130
1135
1136
1132
1137
1133
1138
1139
1135
1140
1136
1141
1142
1138
1143
1139
1144
1145
1141
1146
1142
1147
1148
1144
1149
1145
1150
1151
1147
1152
1148
1153
1154
1150
1155
1151
1156
1157
1153
1158
1154
1159
1160
1156
1161
1157
1162
1163
1159
1164
1160
1165
1166
1162
1167
1163
1168
1169
1165
1170
1166
1171
1172
1168
1173
1169
1174
1175
1171
1176
1172
1177
1178
1174
1179
1175
1180
1181
1177
1182
1178
1183
1184
1180
1185
1181
1186
1187
1183
1188
1184
1189
1190
1186
1191
1187
1192
1193
1189
1194
1190
1195
1196
1192
1197
1193
1198
1199
1195
1200
1196
1201
1202
1198
1203
1199
1204
1205
1201
1206
1202
1207
1208
1204
1209
1205
1210
1211
1207
1212
1208
1213
1214
1210
1215
1211
1216
1217
1213
1218
1214
1219
1220
1216
1221
1217
1222
1223
1219
1224
1220
1225
1226
1222
1227
1223
1228
1229
1225
1230
1226
1231
1232
1228
1233
1229
1234
1235
1231
1236
1232
1237
1238
1234
1239
1235
1240
1241
1237
1242
1238
1243
1244
1240
1245
1241
1246
1247
1243
1248
1244
1249
1250
1246
1251
1247
1252
1253
1249
1254
1250
1255
1256
1252
1257
1253
1258
1259
1255
1260
1256
1261
1262
1258
1263
1259
1264
1265
1261
1266
1262
1267
1268
1264
1269
1265
1270
1271
1267
1272
1268
1273
1274
1270
1275
1271
1276
1277
1273
1278
1274
1279
1280
1276
1281
1277
1282
1283
1279
1284
1280
1285
1286
1282
1287
1283
1288
1289
1285
1290
1286
1291
1292
1288
1293
1289
1294
1295
1291
1296
1292
1297
1298
1294
1299
1295
1300
1301
1297
1302
1298
1303
1304
1300
1305
1301
1306
1307
1303
1308
1304
1309
1310
1306
1311
1307
1312
1313
1309
1314
1310
1315
1316
1312
1317
1313
1318
1319
1315
1320
1316
1321
1322
1318
1323
1319
1324
1325
1321
1326
1322
1327
1328
1324
1329
1325
1330
1331
1327
1332
1328
1333
1334
1330
1335
1331
1336
1337
1333
1338
1334
1339
1340
1336
1341
1337
1342
1343
1339
1344
1340
1345
1346
1342
1347
1343
1348
1349
1345
1350
1346
1351
1352
1348
1353
1349
1354
1355
1351
1356
1352
1357
1358
1354
1359
1355
1360
1361
1357
1362
1358
1363
1364
1360
1365
1361
1366
1367
1363
1368
1364
1369
1370
1366
1371
1367
1372
1373
1369
1374
1370
1375
1376
1372
1377
1373
1378
1379
1375
1380
1376
1381
1382
1378
1383
1379
1384
1385
1381
1386
1382
1387
1388
1384
1389
1385
1390
1391
1387
1392
1388
1393
1394
1390
1395
1391
1396
1397
1393
1398
1394
1399
1400
1396
1401
1397
1402
1403
1399
1404
1400
1405
1406
1402
1407
1403
1408
1409
1405
1410
1406
1411
1412
1408
1509
1409
1510
1511
1411
1512
1412
1513
1413
1514
1414
1515
1415
1516
1416
1517
1417
1518
1418
1519
1419
1520
1420
1521
1421
1522
1422
1523
1423
1524
1424
1525
1425
1526
1426
1527
1427
1528
1428
1529
1429
1530
1430
1531
1431
1532
1432
1533
1433
1534
1434
1535
1435
1536
1436
1537
1437
1538
1438
1539
1439
1540
1440
1541
1441
1542
1442
1543
1443
1544
1444
1545
1445
1546
1446
1547
1447
1548
1448
1549
1449
1550
1450
1551
1451
1552
1452
1553
1453
1554
1454
1555
1455
1556
1456
1557
1457
1558
1458
1559
1459
1560
1460
1561
1461
1562
1462
1563
1463
1564
1464
1565
1465
1566
1466
1567
1467
1568
1468
1569
1469
1570
1470
1571
1471
1572
1472
1573
1473
1574
1474
1575
1475
1576
1476
1577
1477
1578
1478
1579
1479
1580
1480
1581
1481
1582
1482
1583
1483
1584
1484
1585
1485
1586
1486
1587
1487
1588
1488
1589
1489
1590
1490
1591
1491
1592
1492
1593
1493
1594
1494
1595
1495
1596
1496
1597
1497
1598
1498
1599
1499
1600
1500
1601
1501
1602
1502
1603
1503
1604
1504
1605
1505
1606
1506
1607
1507
1608
1508
1609
1509
1610
1510
1611
1511
1612
1613
1513
1614
1514
1615
1515
1616
1516
1617
1517
1618
1518
1619
1519
1620
1520
1621
1521
1622
1522
1623
1523
1624
1524
1625
1525
1626
1526
1627
1527
1628
1528
1629
1529
1630
1530
1631
1531
1632
1532
1633
1533
1634
1534
1635
1535
1636
1536
1637
1537
1638
1538
1639
1539
1640
1540
1641
1541
1642
1542
1643
1543
1644
1544
1645
1545
1646
1546
1647
1547
1648
1548
1649
1549
1650
1550
1651
1551
1652
1552
1653
1553
1654
1554
1655
1555
1656
1556
1657
1557
1658
1558
1659
1559
1660
1560
1661
1561
1662
1562
1663
1563
1664
1564
1665
1565
1666
1566
1667
1567
1668
1568
1669
1569
1670
1570
1671
1571
1672
1572
1673
1573
1674
1574
1675
1575
1676
1576
1677
1577
1678
1578
1679
1579
1680
1580
1681
1581
1682
1582
1683
1583
1684
1584
1685
1585
1686
1586
1687
1587
1688
1588
1689
1589
1690
1590
1691
1591
1692
1592
1693
1593
1694
1594
1695
1595
1696
1596
1697
1597
1698
1598
1699
1599
1700
1600
1701
1601
1702
1602
1703
1603
1704
1604
1705
1605
1706
1606
1707
1607
1708
1608
1709
1609
1710
1610
1711
1611
1712
1612
1713
1613
1714
1715
1615
1716
1616
1717
1617
1718
1618
1719
1619
1720
1620
1721
1621
1722
1622
1723
1623
1724
1624
1725
1625
1726
1626
1727
1627
1728
1628
1729
1629
1730
1630
1731
1631
1732
1632
1733
1633
1734
1634
1735
1635
1736
1636
1737
1637
1738
1638
1739
1639
1740
1640
1741
1641
1742
1642
1743
1643
1744
1644
1745
1645
1746
1646
1747
1647
1748
1648
1749
1649
1750
1650
1751
1651
1752
1652
1753
1653
1754
1654
1755
1655
1756
1656
1757
1657
1758
1658
1759
1659
1760
1660
1761
1661
1762
1662
1763
1663
1764
1664
1765
1665
1766
1666
1767
1667
1768
1668
1769
1669
1770
1670
1771
1671
1772
1672
1773
1673
1774
1674
1775
1675
1776
1676
1777
1677
1778
1678
1779
1679
1780
1680
1781
1681
1782
1682
1783
1683
1784
1684
1785
1685
1786
1686
1787
1687
1788
1688
1789
1689
1790
1690
1791
1691
1792
1692
1793
1693
1794
1694
1795
1695
1796
1696
1797
1697
1798
1698
1799
1699
1800
1700
1801
1701
1802
1702
1803
1703
1804
1704
1805
1705
1806
1706
1807
1707
1808
1708
1809
1709
1810
1710
1811
1711
1812
1712
1813
1713
1814
1714
1815
1715
1816
1817
1717
1818
1718
1819
1719
1820
1720
1821
1721
1822
1722
1823
1723
1824
1724
1825
1725
1826
1726
1827
1727
1828
1728
1829
1729
1830
1730
1831
1731
1832
1732
1833
1733
1834
1734
1835
1735
1836
1736
1837
1737
1838
1738
1839
1739
1840
1740
1841
1741
1842
1742
1843
1743
1844
1744
1845
1745
1846
1746
1847
1747
1848
1748
1849
1749
1850
1750
1851
1751
1852
1752
1853
1753
1854
1754
1855
1755
1856
1756
1857
1757
1858
1758
1859
1759
1860
1760
1861
1761
1862
1762
1863
1763
1864
1764
1865
1765
1866
1766
1867
1767
1868
1768
1869
1769
1870
1770
1871
1771
1872
1772
1873
1773
1874
1774
1875
1775
1876
1776
1877
1777
1878
1778
1879
1779
1880
1780
1881
1781
1882
1782
1883
1783
1884
1784
1885
1785
1886
1786
1887
1787
1888
1788
1889
1789
1890
1790
1891
1791
1892
1792
1893
1793
1894
1794
1895
1795
1896
1796
1897
1797
1898
1798
1899
1799
1900
1800
1901
1801
1902
1802
1903
1803
1904
1804
1905
1805
1906
1806
1907
1807
1908
1808
1909
1809
1910
1810
1911
1811
1912
1812
1913
1813
1914
1814
1915
1815
1916
1816
1917
1817
1918
1919
1819
1820
1821
1822
1823
1824
1825
1826
1827
1828
1829
1830
1831
1832
1833
1834
1835
1836
1837
1838
1839
1840
1841
1842
1843
1844
1845
1846
1847
1848
1849
1850
1851
1852
1853
1854
1855
1856
1857
1858
1859
1860
1861
1862
1863
1864
1865
1866
1867
1868
1869
1870
1871
1872
1873
1874
1875
1876
1877
1878
1879
1880
1881
1882
1883
1884
1885
1886
1887
1888
1889
1890
1891
1892
1893
1894
1895
1896
1897
1898
1899
1900
1901
1902
1903
1904
1905
1906
1907
1908
1909
1910
1911
1912
1913
1914
1915
1916
1917
1918
1919
)


// ************************************************************************* //
