/*--------------------------------*- C++ -*----------------------------------*\
| =========                 |                                                 |
| \\      /  F ield         | OpenFOAM: The Open Source CFD Toolbox           |
|  \\    /   O peration     | Version:  2406                                  |
|   \\  /    A nd           | Website:  www.openfoam.com                      |
|    \\/     M anipulation  |                                                 |
\*---------------------------------------------------------------------------*/
FoamFile
{
    version     2.0;
    format      ascii;
    arch        "LSB;label=32;scalar=64";
    note        "nPoints:4608  nCells:1728  nFaces:7488  nInternalFaces:2880";
    class       labelList;
    location    "constant/polyMesh";
    object      owner;
}
// * * * * * * * * * * * * * * * * * * * * * * * * * * * * * * * * * * * * * //


7488
(
0
0
1
1
2
2
3
3
4
4
5
5
6
6
7
7
8
8
9
9
10
10
11
11
12
12
13
13
14
14
15
15
16
16
17
17
18
18
19
19
20
20
21
21
22
22
23
23
24
24
25
25
26
26
27
27
28
28
29
29
30
30
31
31
32
32
33
33
34
34
35
35
36
36
37
37
38
38
39
39
40
40
41
41
42
42
43
43
44
44
45
45
46
46
47
47
48
48
49
49
50
50
51
51
52
52
53
53
54
54
55
55
56
56
57
57
58
58
59
59
60
60
61
61
62
62
63
63
64
64
65
65
66
66
67
67
68
68
69
69
70
70
71
71
72
72
73
73
74
74
75
75
76
76
77
77
78
78
79
79
80
80
81
81
82
82
83
83
84
84
85
85
86
86
87
87
88
88
89
89
90
90
91
91
92
92
93
93
94
94
95
95
96
96
97
97
98
98
99
99
100
100
101
102
102
103
103
104
104
105
105
106
106
107
107
108
108
109
109
110
110
111
111
112
112
113
113
114
114
115
115
116
116
117
117
118
118
119
119
120
120
121
121
122
122
123
123
124
124
125
125
126
126
127
127
128
128
129
129
130
130
131
131
132
132
133
133
134
134
135
135
136
136
137
137
138
138
139
139
140
140
141
141
142
142
143
143
144
144
145
145
146
146
147
147
148
148
149
149
150
150
151
151
152
152
153
153
154
154
155
155
156
156
157
157
158
158
159
159
160
160
161
161
162
162
163
163
164
164
165
165
166
166
167
167
168
168
169
169
170
170
171
171
172
172
173
173
174
174
175
175
176
176
177
177
178
178
179
179
180
180
181
181
182
182
183
183
184
184
185
185
186
186
187
187
188
188
189
189
190
190
191
191
192
192
193
193
194
194
195
195
196
196
197
197
198
198
199
199
200
200
201
201
202
202
203
204
204
205
205
206
206
207
208
209
210
211
212
213
214
215
216
217
218
219
220
221
222
223
224
225
226
227
228
229
230
231
232
233
234
235
236
237
238
239
240
241
242
243
244
245
246
247
248
249
250
251
252
253
254
255
256
257
258
259
260
261
262
263
264
265
266
267
268
269
270
271
272
273
274
275
276
277
278
279
280
281
282
283
284
285
286
287
288
289
290
291
292
293
294
295
296
297
298
299
300
301
302
303
303
304
304
305
306
306
307
307
308
309
309
310
310
311
312
312
313
313
314
315
315
316
316
317
318
318
319
319
320
321
321
322
322
323
324
324
325
325
326
327
327
328
328
329
330
330
331
331
332
333
333
334
334
335
336
336
337
337
338
339
339
340
340
341
342
342
343
343
344
345
345
346
346
347
348
348
349
349
350
351
351
352
352
353
354
354
355
355
356
357
357
358
358
359
360
360
361
361
362
363
363
364
364
365
366
366
367
367
368
369
369
370
370
371
372
372
373
373
374
375
375
376
376
377
378
378
379
379
380
381
381
382
382
383
384
384
385
385
386
387
387
388
388
389
390
390
391
391
392
393
393
394
394
395
396
396
397
397
398
399
399
400
400
401
402
402
403
403
404
405
405
406
406
407
408
408
409
409
410
411
411
412
412
413
414
414
415
415
416
417
417
418
418
419
420
420
421
421
422
423
423
424
424
425
426
426
427
427
428
429
429
430
430
431
432
432
433
433
434
435
435
436
436
437
438
438
439
439
440
441
441
442
442
443
444
444
445
445
446
447
447
448
448
449
450
450
451
451
452
453
453
454
454
455
456
456
457
457
458
459
459
460
460
461
462
462
463
463
464
465
465
466
466
467
468
468
469
469
470
471
471
472
472
473
474
474
475
475
476
477
477
478
478
479
480
480
481
481
482
483
483
484
484
485
486
486
487
487
488
489
489
490
490
491
492
492
493
493
494
495
495
496
496
497
498
498
499
499
500
501
501
502
502
503
504
504
505
505
506
507
507
508
508
509
510
510
511
511
512
513
513
514
514
515
516
516
517
517
518
519
519
520
520
521
522
522
523
523
524
525
525
526
526
527
528
528
529
529
530
531
531
532
532
533
534
534
535
535
536
537
537
538
538
539
540
540
541
541
542
543
543
544
544
545
546
546
547
547
548
549
549
550
550
551
552
552
553
553
554
555
555
556
556
557
558
558
559
559
560
561
561
562
562
563
564
564
565
565
566
567
567
568
568
569
570
570
571
571
572
573
573
574
574
575
576
576
577
577
578
579
579
580
580
581
582
582
583
583
584
585
585
586
586
587
588
588
589
589
590
591
591
592
592
593
594
594
595
595
596
597
597
598
598
599
600
600
601
601
602
603
603
604
604
605
606
606
607
607
608
609
609
610
610
611
612
612
613
613
614
615
615
616
616
617
618
618
619
619
620
621
621
622
622
623
624
624
625
625
626
627
627
628
628
629
630
630
631
631
632
633
633
634
634
635
636
636
637
637
638
639
639
640
640
641
642
642
643
643
644
645
645
646
646
647
648
648
649
649
650
651
651
652
652
653
654
654
655
655
656
657
657
658
658
659
660
660
661
661
662
663
663
664
664
665
666
666
667
667
668
669
669
670
670
671
672
672
673
673
674
675
675
676
676
677
678
678
679
679
680
681
681
682
682
683
684
684
685
685
686
687
687
688
688
689
690
690
691
691
692
693
693
694
694
695
696
696
697
697
698
699
699
700
700
701
702
702
703
703
704
705
705
706
706
707
708
708
709
709
710
711
711
712
712
713
714
714
715
715
716
717
717
718
718
719
720
720
721
721
722
723
723
724
724
725
726
726
727
727
728
729
729
730
730
731
732
732
733
733
734
735
735
736
736
737
738
738
739
739
740
741
741
742
742
743
744
744
745
745
746
747
747
748
748
749
750
750
751
751
752
753
753
754
754
755
756
756
757
757
758
759
759
760
760
761
762
762
763
763
764
765
765
766
766
767
768
768
769
769
770
771
771
772
772
773
774
774
775
775
776
777
777
778
778
779
780
780
781
781
782
783
783
784
784
785
786
786
787
787
788
789
789
790
790
791
792
792
793
793
794
795
795
796
796
797
798
798
799
799
800
801
801
802
802
803
804
804
805
805
806
807
807
808
808
809
810
810
811
811
812
813
813
814
814
815
816
816
817
817
818
819
819
820
820
821
822
822
823
823
824
825
825
826
826
827
828
828
829
829
830
831
831
832
832
833
834
834
835
835
836
837
837
838
838
839
840
840
841
841
842
843
843
844
844
845
846
846
847
847
848
849
849
850
850
851
852
852
853
853
854
855
855
856
856
857
858
858
859
859
860
861
861
862
862
863
864
864
865
865
866
867
867
868
868
869
870
870
871
871
872
873
873
874
874
875
876
876
877
877
878
879
879
880
880
881
882
882
883
883
884
885
885
886
886
887
888
888
889
889
890
891
891
892
892
893
894
894
895
895
896
897
897
898
898
899
900
900
901
901
902
903
903
904
904
905
906
906
907
907
908
909
909
910
910
911
912
912
913
913
914
915
915
916
916
917
918
918
919
919
920
921
921
922
922
923
924
924
925
925
926
927
927
928
928
929
930
930
931
931
932
933
933
934
934
935
936
936
937
937
938
939
939
940
940
941
942
942
943
943
944
945
945
946
946
947
948
948
949
949
950
951
951
952
952
953
954
954
955
955
956
957
957
958
958
959
960
960
961
961
962
963
963
964
964
965
966
966
967
967
968
969
969
970
970
971
972
972
973
973
974
975
975
976
976
977
978
978
979
979
980
981
981
982
982
983
984
984
985
985
986
987
987
988
988
989
990
990
991
991
992
993
993
994
994
995
996
996
997
997
998
999
999
1000
1000
1001
1002
1002
1003
1003
1004
1005
1005
1006
1006
1007
1008
1008
1009
1009
1010
1011
1011
1012
1012
1013
1014
1014
1015
1015
1016
1017
1017
1018
1018
1019
1020
1020
1021
1021
1022
1023
1023
1024
1024
1025
1026
1026
1027
1027
1028
1029
1029
1030
1030
1031
1032
1032
1033
1033
1034
1035
1035
1036
1036
1037
1038
1038
1039
1039
1040
1041
1041
1042
1042
1043
1044
1044
1045
1045
1046
1047
1047
1048
1048
1049
1050
1050
1051
1051
1052
1053
1053
1054
1054
1055
1056
1056
1057
1057
1058
1059
1059
1060
1060
1061
1062
1062
1063
1063
1064
1065
1065
1066
1066
1067
1068
1068
1069
1069
1070
1071
1071
1072
1072
1073
1074
1074
1075
1075
1076
1077
1077
1078
1078
1079
1080
1080
1081
1081
1082
1083
1083
1084
1084
1085
1086
1086
1087
1087
1088
1089
1089
1090
1090
1091
1092
1092
1093
1093
1094
1095
1095
1096
1096
1097
1098
1098
1099
1099
1100
1101
1101
1102
1102
1103
1104
1104
1105
1105
1106
1107
1107
1108
1108
1109
1110
1110
1111
1111
1112
1113
1113
1114
1114
1115
1116
1116
1117
1117
1118
1119
1119
1120
1120
1121
1122
1122
1123
1123
1124
1125
1125
1126
1126
1127
1128
1128
1129
1129
1130
1131
1131
1132
1132
1133
1134
1134
1135
1135
1136
1137
1137
1138
1138
1139
1140
1140
1141
1141
1142
1143
1143
1144
1144
1145
1146
1146
1147
1147
1148
1149
1149
1150
1150
1151
1152
1152
1153
1153
1154
1155
1155
1156
1156
1157
1158
1158
1159
1159
1160
1161
1161
1162
1162
1163
1164
1164
1165
1165
1166
1167
1167
1168
1168
1169
1170
1170
1171
1171
1172
1173
1173
1174
1174
1175
1176
1176
1177
1177
1178
1179
1179
1180
1180
1181
1182
1182
1183
1183
1184
1185
1185
1186
1186
1187
1188
1188
1189
1189
1190
1191
1191
1192
1192
1193
1194
1194
1195
1195
1196
1197
1197
1198
1198
1199
1200
1200
1201
1201
1202
1203
1203
1204
1204
1205
1206
1206
1207
1207
1208
1209
1209
1210
1210
1211
1212
1212
1213
1213
1214
1215
1215
1216
1216
1217
1218
1218
1219
1219
1220
1221
1221
1222
1222
1223
1224
1224
1225
1225
1226
1227
1227
1228
1228
1229
1230
1230
1231
1231
1232
1233
1233
1234
1234
1235
1236
1236
1237
1237
1238
1239
1239
1240
1240
1241
1242
1242
1243
1243
1244
1245
1245
1246
1246
1247
1248
1248
1249
1249
1250
1251
1251
1252
1252
1253
1254
1254
1255
1255
1256
1257
1257
1258
1258
1259
1260
1260
1261
1261
1262
1263
1263
1264
1264
1265
1266
1266
1267
1267
1268
1269
1269
1270
1270
1271
1272
1272
1273
1273
1274
1275
1275
1276
1276
1277
1278
1278
1279
1279
1280
1281
1281
1282
1282
1283
1284
1284
1285
1285
1286
1287
1287
1288
1288
1289
1290
1290
1291
1291
1292
1293
1293
1294
1294
1295
1296
1296
1297
1297
1298
1299
1299
1300
1300
1301
1302
1302
1303
1303
1304
1305
1305
1306
1306
1307
1308
1308
1309
1309
1310
1311
1311
1312
1312
1313
1314
1314
1315
1315
1316
1317
1317
1318
1318
1319
1320
1320
1321
1321
1322
1323
1323
1324
1324
1325
1326
1326
1327
1327
1328
1329
1329
1330
1330
1331
1332
1332
1333
1333
1334
1335
1335
1336
1336
1337
1338
1338
1339
1339
1340
1341
1341
1342
1342
1343
1344
1344
1345
1345
1346
1347
1347
1348
1348
1349
1350
1350
1351
1351
1352
1353
1353
1354
1354
1355
1356
1356
1357
1357
1358
1359
1359
1360
1360
1361
1362
1362
1363
1363
1364
1365
1365
1366
1366
1367
1368
1368
1369
1369
1370
1371
1371
1372
1372
1373
1374
1374
1375
1375
1376
1377
1377
1378
1378
1379
1380
1380
1381
1381
1382
1383
1383
1384
1384
1385
1386
1386
1387
1387
1388
1389
1389
1390
1390
1391
1392
1392
1393
1393
1394
1395
1395
1396
1396
1397
1398
1398
1399
1399
1400
1401
1401
1402
1402
1403
1404
1404
1405
1405
1406
1407
1407
1408
1408
1409
1410
1410
1411
1411
1412
1413
1413
1414
1414
1415
1416
1416
1417
1417
1418
1419
1419
1420
1420
1421
1422
1422
1423
1423
1424
1424
1425
1425
1426
1426
1427
1427
1428
1428
1429
1429
1430
1430
1431
1431
1432
1432
1433
1433
1434
1434
1435
1435
1436
1436
1437
1437
1438
1438
1439
1439
1440
1440
1441
1441
1442
1442
1443
1443
1444
1444
1445
1445
1446
1446
1447
1447
1448
1448
1449
1449
1450
1450
1451
1451
1452
1452
1453
1453
1454
1454
1455
1455
1456
1456
1457
1457
1458
1458
1459
1459
1460
1460
1461
1461
1462
1462
1463
1463
1464
1464
1465
1465
1466
1466
1467
1467
1468
1468
1469
1469
1470
1470
1471
1471
1472
1472
1473
1473
1474
1474
1475
1475
1476
1476
1477
1477
1478
1478
1479
1479
1480
1480
1481
1481
1482
1482
1483
1483
1484
1484
1485
1485
1486
1486
1487
1487
1488
1488
1489
1489
1490
1490
1491
1491
1492
1492
1493
1493
1494
1494
1495
1495
1496
1496
1497
1497
1498
1498
1499
1499
1500
1500
1501
1501
1502
1502
1503
1503
1504
1504
1505
1505
1506
1506
1507
1507
1508
1508
1509
1509
1510
1510
1511
1511
1512
1512
1513
1513
1514
1514
1515
1515
1516
1516
1517
1517
1518
1518
1519
1519
1520
1520
1521
1521
1522
1522
1523
1524
1524
1525
1525
1526
1526
1527
1527
1528
1528
1529
1529
1530
1530
1531
1531
1532
1532
1533
1533
1534
1534
1535
1535
1536
1536
1537
1537
1538
1538
1539
1539
1540
1540
1541
1541
1542
1542
1543
1543
1544
1544
1545
1545
1546
1546
1547
1547
1548
1548
1549
1549
1550
1550
1551
1551
1552
1552
1553
1553
1554
1554
1555
1555
1556
1556
1557
1557
1558
1558
1559
1559
1560
1560
1561
1561
1562
1562
1563
1563
1564
1564
1565
1565
1566
1566
1567
1567
1568
1568
1569
1569
1570
1570
1571
1571
1572
1572
1573
1573
1574
1574
1575
1575
1576
1576
1577
1577
1578
1578
1579
1579
1580
1580
1581
1581
1582
1582
1583
1583
1584
1584
1585
1585
1586
1586
1587
1587
1588
1588
1589
1589
1590
1590
1591
1591
1592
1592
1593
1593
1594
1594
1595
1595
1596
1596
1597
1597
1598
1598
1599
1599
1600
1600
1601
1601
1602
1602
1603
1603
1604
1604
1605
1605
1606
1606
1607
1607
1608
1608
1609
1609
1610
1610
1611
1611
1612
1612
1613
1613
1614
1614
1615
1615
1616
1616
1617
1617
1618
1618
1619
1619
1620
1620
1621
1621
1622
1622
1623
1623
1624
1624
1625
1626
1627
1628
1629
1630
1631
1632
1633
1634
1635
1636
1637
1638
1639
1640
1641
1642
1643
1644
1645
1646
1647
1648
1649
1650
1651
1652
1653
1654
1655
1656
1657
1658
1659
1660
1661
1662
1663
1664
1665
1666
1667
1668
1669
1670
1671
1672
1673
1674
1675
1676
1677
1678
1679
1680
1681
1682
1683
1684
1685
1686
1687
1688
1689
1690
1691
1692
1693
1694
1695
1696
1697
1698
1699
1700
1701
1702
1703
1704
1705
1706
1707
1708
1709
1710
1711
1712
1713
1714
1715
1716
1717
1718
1719
1720
1721
1722
1723
1724
1725
1726
101
203
305
311
317
323
329
335
341
347
353
359
365
371
377
383
389
395
401
407
413
419
425
431
437
443
449
455
461
467
473
479
485
491
497
503
509
515
521
527
533
539
545
551
557
563
569
575
581
587
593
599
605
611
617
623
629
635
641
647
653
659
665
671
677
683
689
695
701
707
713
719
725
731
737
743
749
755
761
767
773
779
785
791
797
803
809
815
821
827
833
839
845
851
857
863
869
875
881
887
893
899
905
911
917
923
929
935
941
947
953
959
965
971
977
983
989
995
1001
1007
1013
1019
1025
1031
1037
1043
1049
1055
1061
1067
1073
1079
1085
1091
1097
1103
1109
1115
1121
1127
1133
1139
1145
1151
1157
1163
1169
1175
1181
1187
1193
1199
1205
1211
1217
1223
1229
1235
1241
1247
1253
1259
1265
1271
1277
1283
1289
1295
1301
1307
1313
1319
1325
1331
1337
1343
1349
1355
1361
1367
1373
1379
1385
1391
1397
1403
1409
1415
1421
1523
1625
1727
0
102
204
306
312
318
324
330
336
342
348
354
360
366
372
378
384
390
396
402
408
414
420
426
432
438
444
450
456
462
468
474
480
486
492
498
504
510
516
522
528
534
540
546
552
558
564
570
576
582
588
594
600
606
612
618
624
630
636
642
648
654
660
666
672
678
684
690
696
702
708
714
720
726
732
738
744
750
756
762
768
774
780
786
792
798
804
810
816
822
828
834
840
846
852
858
864
870
876
882
888
894
900
906
912
918
924
930
936
942
948
954
960
966
972
978
984
990
996
1002
1008
1014
1020
1026
1032
1038
1044
1050
1056
1062
1068
1074
1080
1086
1092
1098
1104
1110
1116
1122
1128
1134
1140
1146
1152
1158
1164
1170
1176
1182
1188
1194
1200
1206
1212
1218
1224
1230
1236
1242
1248
1254
1260
1266
1272
1278
1284
1290
1296
1302
1308
1314
1320
1326
1332
1338
1344
1350
1356
1362
1368
1374
1380
1386
1392
1398
1404
1410
1416
1422
1524
1626
0
1
2
3
4
5
6
7
8
9
10
11
12
13
14
15
16
17
18
19
20
21
22
23
24
25
26
27
28
29
30
31
32
33
34
35
36
37
38
39
40
41
42
43
44
45
46
47
48
49
50
51
52
53
54
55
56
57
58
59
60
61
62
63
64
65
66
67
68
69
70
71
72
73
74
75
76
77
78
79
80
81
82
83
84
85
86
87
88
89
90
91
92
93
94
95
96
97
98
99
100
101
1626
1627
1628
1629
1630
1631
1632
1633
1634
1635
1636
1637
1638
1639
1640
1641
1642
1643
1644
1645
1646
1647
1648
1649
1650
1651
1652
1653
1654
1655
1656
1657
1658
1659
1660
1661
1662
1663
1664
1665
1666
1667
1668
1669
1670
1671
1672
1673
1674
1675
1676
1677
1678
1679
1680
1681
1682
1683
1684
1685
1686
1687
1688
1689
1690
1691
1692
1693
1694
1695
1696
1697
1698
1699
1700
1701
1702
1703
1704
1705
1706
1707
1708
1709
1710
1711
1712
1713
1714
1715
1716
1717
1718
1719
1720
1721
1722
1723
1724
1725
1726
1727
0
102
204
306
312
318
324
330
336
342
348
354
360
366
372
378
384
390
396
402
408
414
420
426
432
438
444
450
456
462
468
474
480
486
492
498
504
510
516
522
528
534
540
546
552
558
564
570
576
582
588
594
600
606
612
618
624
630
636
642
648
654
660
666
672
678
684
690
696
702
708
714
720
726
732
738
744
750
756
762
768
774
780
786
792
798
804
810
816
822
828
834
840
846
852
858
864
870
876
882
888
894
900
906
912
918
924
930
936
942
948
954
960
966
972
978
984
990
996
1002
1008
1014
1020
1026
1032
1038
1044
1050
1056
1062
1068
1074
1080
1086
1092
1098
1104
1110
1116
1122
1128
1134
1140
1146
1152
1158
1164
1170
1176
1182
1188
1194
1200
1206
1212
1218
1224
1230
1236
1242
1248
1254
1260
1266
1272
1278
1284
1290
1296
1302
1308
1314
1320
1326
1332
1338
1344
1350
1356
1362
1368
1374
1380
1386
1392
1398
1404
1410
1416
1422
1524
1626
1
103
205
307
313
319
325
331
337
343
349
355
361
367
373
379
385
391
397
403
409
415
421
427
433
439
445
451
457
463
469
475
481
487
493
499
505
511
517
523
529
535
541
547
553
559
565
571
577
583
589
595
601
607
613
619
625
631
637
643
649
655
661
667
673
679
685
691
697
703
709
715
721
727
733
739
745
751
757
763
769
775
781
787
793
799
805
811
817
823
829
835
841
847
853
859
865
871
877
883
889
895
901
907
913
919
925
931
937
943
949
955
961
967
973
979
985
991
997
1003
1009
1015
1021
1027
1033
1039
1045
1051
1057
1063
1069
1075
1081
1087
1093
1099
1105
1111
1117
1123
1129
1135
1141
1147
1153
1159
1165
1171
1177
1183
1189
1195
1201
1207
1213
1219
1225
1231
1237
1243
1249
1255
1261
1267
1273
1279
1285
1291
1297
1303
1309
1315
1321
1327
1333
1339
1345
1351
1357
1363
1369
1375
1381
1387
1393
1399
1405
1411
1417
1423
1525
1627
2
104
206
308
314
320
326
332
338
344
350
356
362
368
374
380
386
392
398
404
410
416
422
428
434
440
446
452
458
464
470
476
482
488
494
500
506
512
518
524
530
536
542
548
554
560
566
572
578
584
590
596
602
608
614
620
626
632
638
644
650
656
662
668
674
680
686
692
698
704
710
716
722
728
734
740
746
752
758
764
770
776
782
788
794
800
806
812
818
824
830
836
842
848
854
860
866
872
878
884
890
896
902
908
914
920
926
932
938
944
950
956
962
968
974
980
986
992
998
1004
1010
1016
1022
1028
1034
1040
1046
1052
1058
1064
1070
1076
1082
1088
1094
1100
1106
1112
1118
1124
1130
1136
1142
1148
1154
1160
1166
1172
1178
1184
1190
1196
1202
1208
1214
1220
1226
1232
1238
1244
1250
1256
1262
1268
1274
1280
1286
1292
1298
1304
1310
1316
1322
1328
1334
1340
1346
1352
1358
1364
1370
1376
1382
1388
1394
1400
1406
1412
1418
1424
1526
1628
3
105
207
1425
1527
1629
4
106
208
1426
1528
1630
5
107
209
1427
1529
1631
6
108
210
1428
1530
1632
7
109
211
1429
1531
1633
8
110
212
1430
1532
1634
9
111
213
1431
1533
1635
10
112
214
1432
1534
1636
11
113
215
1433
1535
1637
12
114
216
1434
1536
1638
13
115
217
1435
1537
1639
14
116
218
1436
1538
1640
15
117
219
1437
1539
1641
16
118
220
1438
1540
1642
17
119
221
1439
1541
1643
18
120
222
1440
1542
1644
19
121
223
1441
1543
1645
20
122
224
1442
1544
1646
21
123
225
1443
1545
1647
22
124
226
1444
1546
1648
23
125
227
1445
1547
1649
24
126
228
1446
1548
1650
25
127
229
1447
1549
1651
26
128
230
1448
1550
1652
27
129
231
1449
1551
1653
28
130
232
1450
1552
1654
29
131
233
1451
1553
1655
30
132
234
1452
1554
1656
31
133
235
1453
1555
1657
32
134
236
1454
1556
1658
33
135
237
1455
1557
1659
34
136
238
1456
1558
1660
35
137
239
1457
1559
1661
36
138
240
1458
1560
1662
37
139
241
1459
1561
1663
38
140
242
1460
1562
1664
39
141
243
1461
1563
1665
40
142
244
1462
1564
1666
41
143
245
1463
1565
1667
42
144
246
1464
1566
1668
43
145
247
1465
1567
1669
44
146
248
1466
1568
1670
45
147
249
1467
1569
1671
46
148
250
1468
1570
1672
47
149
251
1469
1571
1673
48
150
252
1470
1572
1674
49
151
253
1471
1573
1675
50
152
254
1472
1574
1676
51
153
255
1473
1575
1677
52
154
256
1474
1576
1678
53
155
257
1475
1577
1679
54
156
258
1476
1578
1680
55
157
259
1477
1579
1681
56
158
260
1478
1580
1682
57
159
261
1479
1581
1683
58
160
262
1480
1582
1684
59
161
263
1481
1583
1685
60
162
264
1482
1584
1686
61
163
265
1483
1585
1687
62
164
266
1484
1586
1688
63
165
267
1485
1587
1689
64
166
268
1486
1588
1690
65
167
269
1487
1589
1691
66
168
270
1488
1590
1692
67
169
271
1489
1591
1693
68
170
272
1490
1592
1694
69
171
273
1491
1593
1695
70
172
274
1492
1594
1696
71
173
275
1493
1595
1697
72
174
276
1494
1596
1698
73
175
277
1495
1597
1699
74
176
278
1496
1598
1700
75
177
279
1497
1599
1701
76
178
280
1498
1600
1702
77
179
281
1499
1601
1703
78
180
282
1500
1602
1704
79
181
283
1501
1603
1705
80
182
284
1502
1604
1706
81
183
285
1503
1605
1707
82
184
286
1504
1606
1708
83
185
287
1505
1607
1709
84
186
288
1506
1608
1710
85
187
289
1507
1609
1711
86
188
290
1508
1610
1712
87
189
291
1509
1611
1713
88
190
292
1510
1612
1714
89
191
293
1511
1613
1715
90
192
294
1512
1614
1716
91
193
295
1513
1615
1717
92
194
296
1514
1616
1718
93
195
297
1515
1617
1719
94
196
298
1516
1618
1720
95
197
299
1517
1619
1721
96
198
300
1518
1620
1722
97
199
301
1519
1621
1723
98
200
302
1520
1622
1724
99
201
303
309
315
321
327
333
339
345
351
357
363
369
375
381
387
393
399
405
411
417
423
429
435
441
447
453
459
465
471
477
483
489
495
501
507
513
519
525
531
537
543
549
555
561
567
573
579
585
591
597
603
609
615
621
627
633
639
645
651
657
663
669
675
681
687
693
699
705
711
717
723
729
735
741
747
753
759
765
771
777
783
789
795
801
807
813
819
825
831
837
843
849
855
861
867
873
879
885
891
897
903
909
915
921
927
933
939
945
951
957
963
969
975
981
987
993
999
1005
1011
1017
1023
1029
1035
1041
1047
1053
1059
1065
1071
1077
1083
1089
1095
1101
1107
1113
1119
1125
1131
1137
1143
1149
1155
1161
1167
1173
1179
1185
1191
1197
1203
1209
1215
1221
1227
1233
1239
1245
1251
1257
1263
1269
1275
1281
1287
1293
1299
1305
1311
1317
1323
1329
1335
1341
1347
1353
1359
1365
1371
1377
1383
1389
1395
1401
1407
1413
1419
1521
1623
1725
100
202
304
310
316
322
328
334
340
346
352
358
364
370
376
382
388
394
400
406
412
418
424
430
436
442
448
454
460
466
472
478
484
490
496
502
508
514
520
526
532
538
544
550
556
562
568
574
580
586
592
598
604
610
616
622
628
634
640
646
652
658
664
670
676
682
688
694
700
706
712
718
724
730
736
742
748
754
760
766
772
778
784
790
796
802
808
814
820
826
832
838
844
850
856
862
868
874
880
886
892
898
904
910
916
922
928
934
940
946
952
958
964
970
976
982
988
994
1000
1006
1012
1018
1024
1030
1036
1042
1048
1054
1060
1066
1072
1078
1084
1090
1096
1102
1108
1114
1120
1126
1132
1138
1144
1150
1156
1162
1168
1174
1180
1186
1192
1198
1204
1210
1216
1222
1228
1234
1240
1246
1252
1258
1264
1270
1276
1282
1288
1294
1300
1306
1312
1318
1324
1330
1336
1342
1348
1354
1360
1366
1372
1378
1384
1390
1396
1402
1408
1414
1420
1522
1624
1726
101
203
305
311
317
323
329
335
341
347
353
359
365
371
377
383
389
395
401
407
413
419
425
431
437
443
449
455
461
467
473
479
485
491
497
503
509
515
521
527
533
539
545
551
557
563
569
575
581
587
593
599
605
611
617
623
629
635
641
647
653
659
665
671
677
683
689
695
701
707
713
719
725
731
737
743
749
755
761
767
773
779
785
791
797
803
809
815
821
827
833
839
845
851
857
863
869
875
881
887
893
899
905
911
917
923
929
935
941
947
953
959
965
971
977
983
989
995
1001
1007
1013
1019
1025
1031
1037
1043
1049
1055
1061
1067
1073
1079
1085
1091
1097
1103
1109
1115
1121
1127
1133
1139
1145
1151
1157
1163
1169
1175
1181
1187
1193
1199
1205
1211
1217
1223
1229
1235
1241
1247
1253
1259
1265
1271
1277
1283
1289
1295
1301
1307
1313
1319
1325
1331
1337
1343
1349
1355
1361
1367
1373
1379
1385
1391
1397
1403
1409
1415
1421
1523
1625
1727
0
102
204
306
312
318
324
330
336
342
348
354
360
366
372
378
384
390
396
402
408
414
420
426
432
438
444
450
456
462
468
474
480
486
492
498
504
510
516
522
528
534
540
546
552
558
564
570
576
582
588
594
600
606
612
618
624
630
636
642
648
654
660
666
672
678
684
690
696
702
708
714
720
726
732
738
744
750
756
762
768
774
780
786
792
798
804
810
816
822
828
834
840
846
852
858
864
870
876
882
888
894
900
906
912
918
924
930
936
942
948
954
960
966
972
978
984
990
996
1002
1008
1014
1020
1026
1032
1038
1044
1050
1056
1062
1068
1074
1080
1086
1092
1098
1104
1110
1116
1122
1128
1134
1140
1146
1152
1158
1164
1170
1176
1182
1188
1194
1200
1206
1212
1218
1224
1230
1236
1242
1248
1254
1260
1266
1272
1278
1284
1290
1296
1302
1308
1314
1320
1326
1332
1338
1344
1350
1356
1362
1368
1374
1380
1386
1392
1398
1404
1410
1416
1422
1524
1626
1
103
205
307
313
319
325
331
337
343
349
355
361
367
373
379
385
391
397
403
409
415
421
427
433
439
445
451
457
463
469
475
481
487
493
499
505
511
517
523
529
535
541
547
553
559
565
571
577
583
589
595
601
607
613
619
625
631
637
643
649
655
661
667
673
679
685
691
697
703
709
715
721
727
733
739
745
751
757
763
769
775
781
787
793
799
805
811
817
823
829
835
841
847
853
859
865
871
877
883
889
895
901
907
913
919
925
931
937
943
949
955
961
967
973
979
985
991
997
1003
1009
1015
1021
1027
1033
1039
1045
1051
1057
1063
1069
1075
1081
1087
1093
1099
1105
1111
1117
1123
1129
1135
1141
1147
1153
1159
1165
1171
1177
1183
1189
1195
1201
1207
1213
1219
1225
1231
1237
1243
1249
1255
1261
1267
1273
1279
1285
1291
1297
1303
1309
1315
1321
1327
1333
1339
1345
1351
1357
1363
1369
1375
1381
1387
1393
1399
1405
1411
1417
1423
1525
1627
2
104
206
308
314
320
326
332
338
344
350
356
362
368
374
380
386
392
398
404
410
416
422
428
434
440
446
452
458
464
470
476
482
488
494
500
506
512
518
524
530
536
542
548
554
560
566
572
578
584
590
596
602
608
614
620
626
632
638
644
650
656
662
668
674
680
686
692
698
704
710
716
722
728
734
740
746
752
758
764
770
776
782
788
794
800
806
812
818
824
830
836
842
848
854
860
866
872
878
884
890
896
902
908
914
920
926
932
938
944
950
956
962
968
974
980
986
992
998
1004
1010
1016
1022
1028
1034
1040
1046
1052
1058
1064
1070
1076
1082
1088
1094
1100
1106
1112
1118
1124
1130
1136
1142
1148
1154
1160
1166
1172
1178
1184
1190
1196
1202
1208
1214
1220
1226
1232
1238
1244
1250
1256
1262
1268
1274
1280
1286
1292
1298
1304
1310
1316
1322
1328
1334
1340
1346
1352
1358
1364
1370
1376
1382
1388
1394
1400
1406
1412
1418
1424
1526
1628
3
105
207
1425
1527
1629
4
106
208
1426
1528
1630
5
107
209
1427
1529
1631
6
108
210
1428
1530
1632
7
109
211
1429
1531
1633
8
110
212
1430
1532
1634
9
111
213
1431
1533
1635
10
112
214
1432
1534
1636
11
113
215
1433
1535
1637
12
114
216
1434
1536
1638
13
115
217
1435
1537
1639
14
116
218
1436
1538
1640
15
117
219
1437
1539
1641
16
118
220
1438
1540
1642
17
119
221
1439
1541
1643
18
120
222
1440
1542
1644
19
121
223
1441
1543
1645
20
122
224
1442
1544
1646
21
123
225
1443
1545
1647
22
124
226
1444
1546
1648
23
125
227
1445
1547
1649
24
126
228
1446
1548
1650
25
127
229
1447
1549
1651
26
128
230
1448
1550
1652
27
129
231
1449
1551
1653
28
130
232
1450
1552
1654
29
131
233
1451
1553
1655
30
132
234
1452
1554
1656
31
133
235
1453
1555
1657
32
134
236
1454
1556
1658
33
135
237
1455
1557
1659
34
136
238
1456
1558
1660
35
137
239
1457
1559
1661
36
138
240
1458
1560
1662
37
139
241
1459
1561
1663
38
140
242
1460
1562
1664
39
141
243
1461
1563
1665
40
142
244
1462
1564
1666
41
143
245
1463
1565
1667
42
144
246
1464
1566
1668
43
145
247
1465
1567
1669
44
146
248
1466
1568
1670
45
147
249
1467
1569
1671
46
148
250
1468
1570
1672
47
149
251
1469
1571
1673
48
150
252
1470
1572
1674
49
151
253
1471
1573
1675
50
152
254
1472
1574
1676
51
153
255
1473
1575
1677
52
154
256
1474
1576
1678
53
155
257
1475
1577
1679
54
156
258
1476
1578
1680
55
157
259
1477
1579
1681
56
158
260
1478
1580
1682
57
159
261
1479
1581
1683
58
160
262
1480
1582
1684
59
161
263
1481
1583
1685
60
162
264
1482
1584
1686
61
163
265
1483
1585
1687
62
164
266
1484
1586
1688
63
165
267
1485
1587
1689
64
166
268
1486
1588
1690
65
167
269
1487
1589
1691
66
168
270
1488
1590
1692
67
169
271
1489
1591
1693
68
170
272
1490
1592
1694
69
171
273
1491
1593
1695
70
172
274
1492
1594
1696
71
173
275
1493
1595
1697
72
174
276
1494
1596
1698
73
175
277
1495
1597
1699
74
176
278
1496
1598
1700
75
177
279
1497
1599
1701
76
178
280
1498
1600
1702
77
179
281
1499
1601
1703
78
180
282
1500
1602
1704
79
181
283
1501
1603
1705
80
182
284
1502
1604
1706
81
183
285
1503
1605
1707
82
184
286
1504
1606
1708
83
185
287
1505
1607
1709
84
186
288
1506
1608
1710
85
187
289
1507
1609
1711
86
188
290
1508
1610
1712
87
189
291
1509
1611
1713
88
190
292
1510
1612
1714
89
191
293
1511
1613
1715
90
192
294
1512
1614
1716
91
193
295
1513
1615
1717
92
194
296
1514
1616
1718
93
195
297
1515
1617
1719
94
196
298
1516
1618
1720
95
197
299
1517
1619
1721
96
198
300
1518
1620
1722
97
199
301
1519
1621
1723
98
200
302
1520
1622
1724
99
201
303
309
315
321
327
333
339
345
351
357
363
369
375
381
387
393
399
405
411
417
423
429
435
441
447
453
459
465
471
477
483
489
495
501
507
513
519
525
531
537
543
549
555
561
567
573
579
585
591
597
603
609
615
621
627
633
639
645
651
657
663
669
675
681
687
693
699
705
711
717
723
729
735
741
747
753
759
765
771
777
783
789
795
801
807
813
819
825
831
837
843
849
855
861
867
873
879
885
891
897
903
909
915
921
927
933
939
945
951
957
963
969
975
981
987
993
999
1005
1011
1017
1023
1029
1035
1041
1047
1053
1059
1065
1071
1077
1083
1089
1095
1101
1107
1113
1119
1125
1131
1137
1143
1149
1155
1161
1167
1173
1179
1185
1191
1197
1203
1209
1215
1221
1227
1233
1239
1245
1251
1257
1263
1269
1275
1281
1287
1293
1299
1305
1311
1317
1323
1329
1335
1341
1347
1353
1359
1365
1371
1377
1383
1389
1395
1401
1407
1413
1419
1521
1623
1725
100
202
304
310
316
322
328
334
340
346
352
358
364
370
376
382
388
394
400
406
412
418
424
430
436
442
448
454
460
466
472
478
484
490
496
502
508
514
520
526
532
538
544
550
556
562
568
574
580
586
592
598
604
610
616
622
628
634
640
646
652
658
664
670
676
682
688
694
700
706
712
718
724
730
736
742
748
754
760
766
772
778
784
790
796
802
808
814
820
826
832
838
844
850
856
862
868
874
880
886
892
898
904
910
916
922
928
934
940
946
952
958
964
970
976
982
988
994
1000
1006
1012
1018
1024
1030
1036
1042
1048
1054
1060
1066
1072
1078
1084
1090
1096
1102
1108
1114
1120
1126
1132
1138
1144
1150
1156
1162
1168
1174
1180
1186
1192
1198
1204
1210
1216
1222
1228
1234
1240
1246
1252
1258
1264
1270
1276
1282
1288
1294
1300
1306
1312
1318
1324
1330
1336
1342
1348
1354
1360
1366
1372
1378
1384
1390
1396
1402
1408
1414
1420
1522
1624
1726
101
203
305
311
317
323
329
335
341
347
353
359
365
371
377
383
389
395
401
407
413
419
425
431
437
443
449
455
461
467
473
479
485
491
497
503
509
515
521
527
533
539
545
551
557
563
569
575
581
587
593
599
605
611
617
623
629
635
641
647
653
659
665
671
677
683
689
695
701
707
713
719
725
731
737
743
749
755
761
767
773
779
785
791
797
803
809
815
821
827
833
839
845
851
857
863
869
875
881
887
893
899
905
911
917
923
929
935
941
947
953
959
965
971
977
983
989
995
1001
1007
1013
1019
1025
1031
1037
1043
1049
1055
1061
1067
1073
1079
1085
1091
1097
1103
1109
1115
1121
1127
1133
1139
1145
1151
1157
1163
1169
1175
1181
1187
1193
1199
1205
1211
1217
1223
1229
1235
1241
1247
1253
1259
1265
1271
1277
1283
1289
1295
1301
1307
1313
1319
1325
1331
1337
1343
1349
1355
1361
1367
1373
1379
1385
1391
1397
1403
1409
1415
1421
1523
1625
1727
207
208
209
210
211
212
213
214
215
216
217
218
219
220
221
222
223
224
225
226
227
228
229
230
231
232
233
234
235
236
237
238
239
240
241
242
243
244
245
246
247
248
249
250
251
252
253
254
255
256
257
258
259
260
261
262
263
264
265
266
267
268
269
270
271
272
273
274
275
276
277
278
279
280
281
282
283
284
285
286
287
288
289
290
291
292
293
294
295
296
297
298
299
300
301
302
308
309
314
315
320
321
326
327
332
333
338
339
344
345
350
351
356
357
362
363
368
369
374
375
380
381
386
387
392
393
398
399
404
405
410
411
416
417
422
423
428
429
434
435
440
441
446
447
452
453
458
459
464
465
470
471
476
477
482
483
488
489
494
495
500
501
506
507
512
513
518
519
524
525
530
531
536
537
542
543
548
549
554
555
560
561
566
567
572
573
578
579
584
585
590
591
596
597
602
603
608
609
614
615
620
621
626
627
632
633
638
639
644
645
650
651
656
657
662
663
668
669
674
675
680
681
686
687
692
693
698
699
704
705
710
711
716
717
722
723
728
729
734
735
740
741
746
747
752
753
758
759
764
765
770
771
776
777
782
783
788
789
794
795
800
801
806
807
812
813
818
819
824
825
830
831
836
837
842
843
848
849
854
855
860
861
866
867
872
873
878
879
884
885
890
891
896
897
902
903
908
909
914
915
920
921
926
927
932
933
938
939
944
945
950
951
956
957
962
963
968
969
974
975
980
981
986
987
992
993
998
999
1004
1005
1010
1011
1016
1017
1022
1023
1028
1029
1034
1035
1040
1041
1046
1047
1052
1053
1058
1059
1064
1065
1070
1071
1076
1077
1082
1083
1088
1089
1094
1095
1100
1101
1106
1107
1112
1113
1118
1119
1124
1125
1130
1131
1136
1137
1142
1143
1148
1149
1154
1155
1160
1161
1166
1167
1172
1173
1178
1179
1184
1185
1190
1191
1196
1197
1202
1203
1208
1209
1214
1215
1220
1221
1226
1227
1232
1233
1238
1239
1244
1245
1250
1251
1256
1257
1262
1263
1268
1269
1274
1275
1280
1281
1286
1287
1292
1293
1298
1299
1304
1305
1310
1311
1316
1317
1322
1323
1328
1329
1334
1335
1340
1341
1346
1347
1352
1353
1358
1359
1364
1365
1370
1371
1376
1377
1382
1383
1388
1389
1394
1395
1400
1401
1406
1407
1412
1413
1418
1425
1426
1427
1428
1429
1430
1431
1432
1433
1434
1435
1436
1437
1438
1439
1440
1441
1442
1443
1444
1445
1446
1447
1448
1449
1450
1451
1452
1453
1454
1455
1456
1457
1458
1459
1460
1461
1462
1463
1464
1465
1466
1467
1468
1469
1470
1471
1472
1473
1474
1475
1476
1477
1478
1479
1480
1481
1482
1483
1484
1485
1486
1487
1488
1489
1490
1491
1492
1493
1494
1495
1496
1497
1498
1499
1500
1501
1502
1503
1504
1505
1506
1507
1508
1509
1510
1511
1512
1513
1514
1515
1516
1517
1518
1519
1419
1520
)


// ************************************************************************* //
