/*--------------------------------*- C++ -*----------------------------------*\
| =========                 |                                                 |
| \\      /  F ield         | OpenFOAM: The Open Source CFD Toolbox           |
|  \\    /   O peration     | Version:  2406                                  |
|   \\  /    A nd           | Website:  www.openfoam.com                      |
|    \\/     M anipulation  |                                                 |
\*---------------------------------------------------------------------------*/
FoamFile
{
    version     2.0;
    format      ascii;
    arch        "LSB;label=32;scalar=64";
    class       vectorField;
    location    "constant/polyMesh";
    object      points;
}
// * * * * * * * * * * * * * * * * * * * * * * * * * * * * * * * * * * * * * //


4608
(
(-0.6375 -1.6375 -0.01)
(-0.625 -1.6375 -0.01)
(-0.6125 -1.6375 -0.01)
(-0.6 -1.6375 -0.01)
(-0.5875 -1.6375 -0.01)
(-0.575 -1.6375 -0.01)
(-0.5625 -1.6375 -0.01)
(-0.55 -1.6375 -0.01)
(-0.5375 -1.6375 -0.01)
(-0.525 -1.6375 -0.01)
(-0.5125 -1.6375 -0.01)
(-0.5 -1.6375 -0.01)
(-0.4875 -1.6375 -0.01)
(-0.475 -1.6375 -0.01)
(-0.4625 -1.6375 -0.01)
(-0.45 -1.6375 -0.01)
(-0.4375 -1.6375 -0.01)
(-0.425 -1.6375 -0.01)
(-0.4125 -1.6375 -0.01)
(-0.4 -1.6375 -0.01)
(-0.3875 -1.6375 -0.01)
(-0.375 -1.6375 -0.01)
(-0.3625 -1.6375 -0.01)
(-0.35 -1.6375 -0.01)
(-0.3375 -1.6375 -0.01)
(-0.325 -1.6375 -0.01)
(-0.3125 -1.6375 -0.01)
(-0.3 -1.6375 -0.01)
(-0.2875 -1.6375 -0.01)
(-0.275 -1.6375 -0.01)
(-0.2625 -1.6375 -0.01)
(-0.25 -1.6375 -0.01)
(-0.2375 -1.6375 -0.01)
(-0.225 -1.6375 -0.01)
(-0.2125 -1.6375 -0.01)
(-0.2 -1.6375 -0.01)
(-0.1875 -1.6375 -0.01)
(-0.175 -1.6375 -0.01)
(-0.1625 -1.6375 -0.01)
(-0.15 -1.6375 -0.01)
(-0.1375 -1.6375 -0.01)
(-0.125 -1.6375 -0.01)
(-0.1125 -1.6375 -0.01)
(-0.1 -1.6375 -0.01)
(-0.0875 -1.6375 -0.01)
(-0.075 -1.6375 -0.01)
(-0.0625 -1.6375 -0.01)
(-0.05 -1.6375 -0.01)
(-0.0375 -1.6375 -0.01)
(-0.025 -1.6375 -0.01)
(-0.0125 -1.6375 -0.01)
(0 -1.6375 -0.01)
(0.0125 -1.6375 -0.01)
(0.025 -1.6375 -0.01)
(0.0375 -1.6375 -0.01)
(0.05 -1.6375 -0.01)
(0.0625 -1.6375 -0.01)
(0.075 -1.6375 -0.01)
(0.0875 -1.6375 -0.01)
(0.1 -1.6375 -0.01)
(0.1125 -1.6375 -0.01)
(0.125 -1.6375 -0.01)
(0.1375 -1.6375 -0.01)
(0.15 -1.6375 -0.01)
(0.1625 -1.6375 -0.01)
(0.175 -1.6375 -0.01)
(0.1875 -1.6375 -0.01)
(0.2 -1.6375 -0.01)
(0.2125 -1.6375 -0.01)
(0.225 -1.6375 -0.01)
(0.2375 -1.6375 -0.01)
(0.25 -1.6375 -0.01)
(0.2625 -1.6375 -0.01)
(0.275 -1.6375 -0.01)
(0.2875 -1.6375 -0.01)
(0.3 -1.6375 -0.01)
(0.3125 -1.6375 -0.01)
(0.325 -1.6375 -0.01)
(0.3375 -1.6375 -0.01)
(0.35 -1.6375 -0.01)
(0.3625 -1.6375 -0.01)
(0.375 -1.6375 -0.01)
(0.3875 -1.6375 -0.01)
(0.4 -1.6375 -0.01)
(0.4125 -1.6375 -0.01)
(0.425 -1.6375 -0.01)
(0.4375 -1.6375 -0.01)
(0.45 -1.6375 -0.01)
(0.4625 -1.6375 -0.01)
(0.475 -1.6375 -0.01)
(0.4875 -1.6375 -0.01)
(0.5 -1.6375 -0.01)
(0.5125 -1.6375 -0.01)
(0.525 -1.6375 -0.01)
(0.5375 -1.6375 -0.01)
(0.55 -1.6375 -0.01)
(0.5625 -1.6375 -0.01)
(0.575 -1.6375 -0.01)
(0.5875 -1.6375 -0.01)
(0.6 -1.6375 -0.01)
(0.6125 -1.6375 -0.01)
(0.625 -1.6375 -0.01)
(0.6375 -1.6375 -0.01)
(-0.6375 -1.625 -0.01)
(-0.625 -1.625 -0.01)
(-0.6125 -1.625 -0.01)
(-0.6 -1.625 -0.01)
(-0.5875 -1.625 -0.01)
(-0.575 -1.625 -0.01)
(-0.5625 -1.625 -0.01)
(-0.55 -1.625 -0.01)
(-0.5375 -1.625 -0.01)
(-0.525 -1.625 -0.01)
(-0.5125 -1.625 -0.01)
(-0.5 -1.625 -0.01)
(-0.4875 -1.625 -0.01)
(-0.475 -1.625 -0.01)
(-0.4625 -1.625 -0.01)
(-0.45 -1.625 -0.01)
(-0.4375 -1.625 -0.01)
(-0.425 -1.625 -0.01)
(-0.4125 -1.625 -0.01)
(-0.4 -1.625 -0.01)
(-0.3875 -1.625 -0.01)
(-0.375 -1.625 -0.01)
(-0.3625 -1.625 -0.01)
(-0.35 -1.625 -0.01)
(-0.3375 -1.625 -0.01)
(-0.325 -1.625 -0.01)
(-0.3125 -1.625 -0.01)
(-0.3 -1.625 -0.01)
(-0.2875 -1.625 -0.01)
(-0.275 -1.625 -0.01)
(-0.2625 -1.625 -0.01)
(-0.25 -1.625 -0.01)
(-0.2375 -1.625 -0.01)
(-0.225 -1.625 -0.01)
(-0.2125 -1.625 -0.01)
(-0.2 -1.625 -0.01)
(-0.1875 -1.625 -0.01)
(-0.175 -1.625 -0.01)
(-0.1625 -1.625 -0.01)
(-0.15 -1.625 -0.01)
(-0.1375 -1.625 -0.01)
(-0.125 -1.625 -0.01)
(-0.1125 -1.625 -0.01)
(-0.1 -1.625 -0.01)
(-0.0875 -1.625 -0.01)
(-0.075 -1.625 -0.01)
(-0.0625 -1.625 -0.01)
(-0.05 -1.625 -0.01)
(-0.0375 -1.625 -0.01)
(-0.025 -1.625 -0.01)
(-0.0125 -1.625 -0.01)
(0 -1.625 -0.01)
(0.0125 -1.625 -0.01)
(0.025 -1.625 -0.01)
(0.0375 -1.625 -0.01)
(0.05 -1.625 -0.01)
(0.0625 -1.625 -0.01)
(0.075 -1.625 -0.01)
(0.0875 -1.625 -0.01)
(0.1 -1.625 -0.01)
(0.1125 -1.625 -0.01)
(0.125 -1.625 -0.01)
(0.1375 -1.625 -0.01)
(0.15 -1.625 -0.01)
(0.1625 -1.625 -0.01)
(0.175 -1.625 -0.01)
(0.1875 -1.625 -0.01)
(0.2 -1.625 -0.01)
(0.2125 -1.625 -0.01)
(0.225 -1.625 -0.01)
(0.2375 -1.625 -0.01)
(0.25 -1.625 -0.01)
(0.2625 -1.625 -0.01)
(0.275 -1.625 -0.01)
(0.2875 -1.625 -0.01)
(0.3 -1.625 -0.01)
(0.3125 -1.625 -0.01)
(0.325 -1.625 -0.01)
(0.3375 -1.625 -0.01)
(0.35 -1.625 -0.01)
(0.3625 -1.625 -0.01)
(0.375 -1.625 -0.01)
(0.3875 -1.625 -0.01)
(0.4 -1.625 -0.01)
(0.4125 -1.625 -0.01)
(0.425 -1.625 -0.01)
(0.4375 -1.625 -0.01)
(0.45 -1.625 -0.01)
(0.4625 -1.625 -0.01)
(0.475 -1.625 -0.01)
(0.4875 -1.625 -0.01)
(0.5 -1.625 -0.01)
(0.5125 -1.625 -0.01)
(0.525 -1.625 -0.01)
(0.5375 -1.625 -0.01)
(0.55 -1.625 -0.01)
(0.5625 -1.625 -0.01)
(0.575 -1.625 -0.01)
(0.5875 -1.625 -0.01)
(0.6 -1.625 -0.01)
(0.6125 -1.625 -0.01)
(0.625 -1.625 -0.01)
(0.6375 -1.625 -0.01)
(-0.6375 -1.6125 -0.01)
(-0.625 -1.6125 -0.01)
(-0.6125 -1.6125 -0.01)
(-0.6 -1.6125 -0.01)
(-0.5875 -1.6125 -0.01)
(-0.575 -1.6125 -0.01)
(-0.5625 -1.6125 -0.01)
(-0.55 -1.6125 -0.01)
(-0.5375 -1.6125 -0.01)
(-0.525 -1.6125 -0.01)
(-0.5125 -1.6125 -0.01)
(-0.5 -1.6125 -0.01)
(-0.4875 -1.6125 -0.01)
(-0.475 -1.6125 -0.01)
(-0.4625 -1.6125 -0.01)
(-0.45 -1.6125 -0.01)
(-0.4375 -1.6125 -0.01)
(-0.425 -1.6125 -0.01)
(-0.4125 -1.6125 -0.01)
(-0.4 -1.6125 -0.01)
(-0.3875 -1.6125 -0.01)
(-0.375 -1.6125 -0.01)
(-0.3625 -1.6125 -0.01)
(-0.35 -1.6125 -0.01)
(-0.3375 -1.6125 -0.01)
(-0.325 -1.6125 -0.01)
(-0.3125 -1.6125 -0.01)
(-0.3 -1.6125 -0.01)
(-0.2875 -1.6125 -0.01)
(-0.275 -1.6125 -0.01)
(-0.2625 -1.6125 -0.01)
(-0.25 -1.6125 -0.01)
(-0.2375 -1.6125 -0.01)
(-0.225 -1.6125 -0.01)
(-0.2125 -1.6125 -0.01)
(-0.2 -1.6125 -0.01)
(-0.1875 -1.6125 -0.01)
(-0.175 -1.6125 -0.01)
(-0.1625 -1.6125 -0.01)
(-0.15 -1.6125 -0.01)
(-0.1375 -1.6125 -0.01)
(-0.125 -1.6125 -0.01)
(-0.1125 -1.6125 -0.01)
(-0.1 -1.6125 -0.01)
(-0.0875 -1.6125 -0.01)
(-0.075 -1.6125 -0.01)
(-0.0625 -1.6125 -0.01)
(-0.05 -1.6125 -0.01)
(-0.0375 -1.6125 -0.01)
(-0.025 -1.6125 -0.01)
(-0.0125 -1.6125 -0.01)
(0 -1.6125 -0.01)
(0.0125 -1.6125 -0.01)
(0.025 -1.6125 -0.01)
(0.0375 -1.6125 -0.01)
(0.05 -1.6125 -0.01)
(0.0625 -1.6125 -0.01)
(0.075 -1.6125 -0.01)
(0.0875 -1.6125 -0.01)
(0.1 -1.6125 -0.01)
(0.1125 -1.6125 -0.01)
(0.125 -1.6125 -0.01)
(0.1375 -1.6125 -0.01)
(0.15 -1.6125 -0.01)
(0.1625 -1.6125 -0.01)
(0.175 -1.6125 -0.01)
(0.1875 -1.6125 -0.01)
(0.2 -1.6125 -0.01)
(0.2125 -1.6125 -0.01)
(0.225 -1.6125 -0.01)
(0.2375 -1.6125 -0.01)
(0.25 -1.6125 -0.01)
(0.2625 -1.6125 -0.01)
(0.275 -1.6125 -0.01)
(0.2875 -1.6125 -0.01)
(0.3 -1.6125 -0.01)
(0.3125 -1.6125 -0.01)
(0.325 -1.6125 -0.01)
(0.3375 -1.6125 -0.01)
(0.35 -1.6125 -0.01)
(0.3625 -1.6125 -0.01)
(0.375 -1.6125 -0.01)
(0.3875 -1.6125 -0.01)
(0.4 -1.6125 -0.01)
(0.4125 -1.6125 -0.01)
(0.425 -1.6125 -0.01)
(0.4375 -1.6125 -0.01)
(0.45 -1.6125 -0.01)
(0.4625 -1.6125 -0.01)
(0.475 -1.6125 -0.01)
(0.4875 -1.6125 -0.01)
(0.5 -1.6125 -0.01)
(0.5125 -1.6125 -0.01)
(0.525 -1.6125 -0.01)
(0.5375 -1.6125 -0.01)
(0.55 -1.6125 -0.01)
(0.5625 -1.6125 -0.01)
(0.575 -1.6125 -0.01)
(0.5875 -1.6125 -0.01)
(0.6 -1.6125 -0.01)
(0.6125 -1.6125 -0.01)
(0.625 -1.6125 -0.01)
(0.6375 -1.6125 -0.01)
(-0.6375 -1.6 -0.01)
(-0.625 -1.6 -0.01)
(-0.6125 -1.6 -0.01)
(-0.6 -1.6 -0.01)
(-0.5875 -1.6 -0.01)
(-0.575 -1.6 -0.01)
(-0.5625 -1.6 -0.01)
(-0.55 -1.6 -0.01)
(-0.5375 -1.6 -0.01)
(-0.525 -1.6 -0.01)
(-0.5125 -1.6 -0.01)
(-0.5 -1.6 -0.01)
(-0.4875 -1.6 -0.01)
(-0.475 -1.6 -0.01)
(-0.4625 -1.6 -0.01)
(-0.45 -1.6 -0.01)
(-0.4375 -1.6 -0.01)
(-0.425 -1.6 -0.01)
(-0.4125 -1.6 -0.01)
(-0.4 -1.6 -0.01)
(-0.3875 -1.6 -0.01)
(-0.375 -1.6 -0.01)
(-0.3625 -1.6 -0.01)
(-0.35 -1.6 -0.01)
(-0.3375 -1.6 -0.01)
(-0.325 -1.6 -0.01)
(-0.3125 -1.6 -0.01)
(-0.3 -1.6 -0.01)
(-0.2875 -1.6 -0.01)
(-0.275 -1.6 -0.01)
(-0.2625 -1.6 -0.01)
(-0.25 -1.6 -0.01)
(-0.2375 -1.6 -0.01)
(-0.225 -1.6 -0.01)
(-0.2125 -1.6 -0.01)
(-0.2 -1.6 -0.01)
(-0.1875 -1.6 -0.01)
(-0.175 -1.6 -0.01)
(-0.1625 -1.6 -0.01)
(-0.15 -1.6 -0.01)
(-0.1375 -1.6 -0.01)
(-0.125 -1.6 -0.01)
(-0.1125 -1.6 -0.01)
(-0.1 -1.6 -0.01)
(-0.0875 -1.6 -0.01)
(-0.075 -1.6 -0.01)
(-0.0625 -1.6 -0.01)
(-0.05 -1.6 -0.01)
(-0.0375 -1.6 -0.01)
(-0.025 -1.6 -0.01)
(-0.0125 -1.6 -0.01)
(0 -1.6 -0.01)
(0.0125 -1.6 -0.01)
(0.025 -1.6 -0.01)
(0.0375 -1.6 -0.01)
(0.05 -1.6 -0.01)
(0.0625 -1.6 -0.01)
(0.075 -1.6 -0.01)
(0.0875 -1.6 -0.01)
(0.1 -1.6 -0.01)
(0.1125 -1.6 -0.01)
(0.125 -1.6 -0.01)
(0.1375 -1.6 -0.01)
(0.15 -1.6 -0.01)
(0.1625 -1.6 -0.01)
(0.175 -1.6 -0.01)
(0.1875 -1.6 -0.01)
(0.2 -1.6 -0.01)
(0.2125 -1.6 -0.01)
(0.225 -1.6 -0.01)
(0.2375 -1.6 -0.01)
(0.25 -1.6 -0.01)
(0.2625 -1.6 -0.01)
(0.275 -1.6 -0.01)
(0.2875 -1.6 -0.01)
(0.3 -1.6 -0.01)
(0.3125 -1.6 -0.01)
(0.325 -1.6 -0.01)
(0.3375 -1.6 -0.01)
(0.35 -1.6 -0.01)
(0.3625 -1.6 -0.01)
(0.375 -1.6 -0.01)
(0.3875 -1.6 -0.01)
(0.4 -1.6 -0.01)
(0.4125 -1.6 -0.01)
(0.425 -1.6 -0.01)
(0.4375 -1.6 -0.01)
(0.45 -1.6 -0.01)
(0.4625 -1.6 -0.01)
(0.475 -1.6 -0.01)
(0.4875 -1.6 -0.01)
(0.5 -1.6 -0.01)
(0.5125 -1.6 -0.01)
(0.525 -1.6 -0.01)
(0.5375 -1.6 -0.01)
(0.55 -1.6 -0.01)
(0.5625 -1.6 -0.01)
(0.575 -1.6 -0.01)
(0.5875 -1.6 -0.01)
(0.6 -1.6 -0.01)
(0.6125 -1.6 -0.01)
(0.625 -1.6 -0.01)
(0.6375 -1.6 -0.01)
(-0.6375 -1.5875 -0.01)
(-0.625 -1.5875 -0.01)
(-0.6125 -1.5875 -0.01)
(-0.6 -1.5875 -0.01)
(0.6 -1.5875 -0.01)
(0.6125 -1.5875 -0.01)
(0.625 -1.5875 -0.01)
(0.6375 -1.5875 -0.01)
(-0.6375 -1.575 -0.01)
(-0.625 -1.575 -0.01)
(-0.6125 -1.575 -0.01)
(-0.6 -1.575 -0.01)
(0.6 -1.575 -0.01)
(0.6125 -1.575 -0.01)
(0.625 -1.575 -0.01)
(0.6375 -1.575 -0.01)
(-0.6375 -1.5625 -0.01)
(-0.625 -1.5625 -0.01)
(-0.6125 -1.5625 -0.01)
(-0.6 -1.5625 -0.01)
(0.6 -1.5625 -0.01)
(0.6125 -1.5625 -0.01)
(0.625 -1.5625 -0.01)
(0.6375 -1.5625 -0.01)
(-0.6375 -1.55 -0.01)
(-0.625 -1.55 -0.01)
(-0.6125 -1.55 -0.01)
(-0.6 -1.55 -0.01)
(0.6 -1.55 -0.01)
(0.6125 -1.55 -0.01)
(0.625 -1.55 -0.01)
(0.6375 -1.55 -0.01)
(-0.6375 -1.5375 -0.01)
(-0.625 -1.5375 -0.01)
(-0.6125 -1.5375 -0.01)
(-0.6 -1.5375 -0.01)
(0.6 -1.5375 -0.01)
(0.6125 -1.5375 -0.01)
(0.625 -1.5375 -0.01)
(0.6375 -1.5375 -0.01)
(-0.6375 -1.525 -0.01)
(-0.625 -1.525 -0.01)
(-0.6125 -1.525 -0.01)
(-0.6 -1.525 -0.01)
(0.6 -1.525 -0.01)
(0.6125 -1.525 -0.01)
(0.625 -1.525 -0.01)
(0.6375 -1.525 -0.01)
(-0.6375 -1.5125 -0.01)
(-0.625 -1.5125 -0.01)
(-0.6125 -1.5125 -0.01)
(-0.6 -1.5125 -0.01)
(0.6 -1.5125 -0.01)
(0.6125 -1.5125 -0.01)
(0.625 -1.5125 -0.01)
(0.6375 -1.5125 -0.01)
(-0.6375 -1.5 -0.01)
(-0.625 -1.5 -0.01)
(-0.6125 -1.5 -0.01)
(-0.6 -1.5 -0.01)
(0.6 -1.5 -0.01)
(0.6125 -1.5 -0.01)
(0.625 -1.5 -0.01)
(0.6375 -1.5 -0.01)
(-0.6375 -1.4875 -0.01)
(-0.625 -1.4875 -0.01)
(-0.6125 -1.4875 -0.01)
(-0.6 -1.4875 -0.01)
(0.6 -1.4875 -0.01)
(0.6125 -1.4875 -0.01)
(0.625 -1.4875 -0.01)
(0.6375 -1.4875 -0.01)
(-0.6375 -1.475 -0.01)
(-0.625 -1.475 -0.01)
(-0.6125 -1.475 -0.01)
(-0.6 -1.475 -0.01)
(0.6 -1.475 -0.01)
(0.6125 -1.475 -0.01)
(0.625 -1.475 -0.01)
(0.6375 -1.475 -0.01)
(-0.6375 -1.4625 -0.01)
(-0.625 -1.4625 -0.01)
(-0.6125 -1.4625 -0.01)
(-0.6 -1.4625 -0.01)
(0.6 -1.4625 -0.01)
(0.6125 -1.4625 -0.01)
(0.625 -1.4625 -0.01)
(0.6375 -1.4625 -0.01)
(-0.6375 -1.45 -0.01)
(-0.625 -1.45 -0.01)
(-0.6125 -1.45 -0.01)
(-0.6 -1.45 -0.01)
(0.6 -1.45 -0.01)
(0.6125 -1.45 -0.01)
(0.625 -1.45 -0.01)
(0.6375 -1.45 -0.01)
(-0.6375 -1.4375 -0.01)
(-0.625 -1.4375 -0.01)
(-0.6125 -1.4375 -0.01)
(-0.6 -1.4375 -0.01)
(0.6 -1.4375 -0.01)
(0.6125 -1.4375 -0.01)
(0.625 -1.4375 -0.01)
(0.6375 -1.4375 -0.01)
(-0.6375 -1.425 -0.01)
(-0.625 -1.425 -0.01)
(-0.6125 -1.425 -0.01)
(-0.6 -1.425 -0.01)
(0.6 -1.425 -0.01)
(0.6125 -1.425 -0.01)
(0.625 -1.425 -0.01)
(0.6375 -1.425 -0.01)
(-0.6375 -1.4125 -0.01)
(-0.625 -1.4125 -0.01)
(-0.6125 -1.4125 -0.01)
(-0.6 -1.4125 -0.01)
(0.6 -1.4125 -0.01)
(0.6125 -1.4125 -0.01)
(0.625 -1.4125 -0.01)
(0.6375 -1.4125 -0.01)
(-0.6375 -1.4 -0.01)
(-0.625 -1.4 -0.01)
(-0.6125 -1.4 -0.01)
(-0.6 -1.4 -0.01)
(0.6 -1.4 -0.01)
(0.6125 -1.4 -0.01)
(0.625 -1.4 -0.01)
(0.6375 -1.4 -0.01)
(-0.6375 -1.3875 -0.01)
(-0.625 -1.3875 -0.01)
(-0.6125 -1.3875 -0.01)
(-0.6 -1.3875 -0.01)
(0.6 -1.3875 -0.01)
(0.6125 -1.3875 -0.01)
(0.625 -1.3875 -0.01)
(0.6375 -1.3875 -0.01)
(-0.6375 -1.375 -0.01)
(-0.625 -1.375 -0.01)
(-0.6125 -1.375 -0.01)
(-0.6 -1.375 -0.01)
(0.6 -1.375 -0.01)
(0.6125 -1.375 -0.01)
(0.625 -1.375 -0.01)
(0.6375 -1.375 -0.01)
(-0.6375 -1.3625 -0.01)
(-0.625 -1.3625 -0.01)
(-0.6125 -1.3625 -0.01)
(-0.6 -1.3625 -0.01)
(0.6 -1.3625 -0.01)
(0.6125 -1.3625 -0.01)
(0.625 -1.3625 -0.01)
(0.6375 -1.3625 -0.01)
(-0.6375 -1.35 -0.01)
(-0.625 -1.35 -0.01)
(-0.6125 -1.35 -0.01)
(-0.6 -1.35 -0.01)
(0.6 -1.35 -0.01)
(0.6125 -1.35 -0.01)
(0.625 -1.35 -0.01)
(0.6375 -1.35 -0.01)
(-0.6375 -1.3375 -0.01)
(-0.625 -1.3375 -0.01)
(-0.6125 -1.3375 -0.01)
(-0.6 -1.3375 -0.01)
(0.6 -1.3375 -0.01)
(0.6125 -1.3375 -0.01)
(0.625 -1.3375 -0.01)
(0.6375 -1.3375 -0.01)
(-0.6375 -1.325 -0.01)
(-0.625 -1.325 -0.01)
(-0.6125 -1.325 -0.01)
(-0.6 -1.325 -0.01)
(0.6 -1.325 -0.01)
(0.6125 -1.325 -0.01)
(0.625 -1.325 -0.01)
(0.6375 -1.325 -0.01)
(-0.6375 -1.3125 -0.01)
(-0.625 -1.3125 -0.01)
(-0.6125 -1.3125 -0.01)
(-0.6 -1.3125 -0.01)
(0.6 -1.3125 -0.01)
(0.6125 -1.3125 -0.01)
(0.625 -1.3125 -0.01)
(0.6375 -1.3125 -0.01)
(-0.6375 -1.3 -0.01)
(-0.625 -1.3 -0.01)
(-0.6125 -1.3 -0.01)
(-0.6 -1.3 -0.01)
(0.6 -1.3 -0.01)
(0.6125 -1.3 -0.01)
(0.625 -1.3 -0.01)
(0.6375 -1.3 -0.01)
(-0.6375 -1.2875 -0.01)
(-0.625 -1.2875 -0.01)
(-0.6125 -1.2875 -0.01)
(-0.6 -1.2875 -0.01)
(0.6 -1.2875 -0.01)
(0.6125 -1.2875 -0.01)
(0.625 -1.2875 -0.01)
(0.6375 -1.2875 -0.01)
(-0.6375 -1.275 -0.01)
(-0.625 -1.275 -0.01)
(-0.6125 -1.275 -0.01)
(-0.6 -1.275 -0.01)
(0.6 -1.275 -0.01)
(0.6125 -1.275 -0.01)
(0.625 -1.275 -0.01)
(0.6375 -1.275 -0.01)
(-0.6375 -1.2625 -0.01)
(-0.625 -1.2625 -0.01)
(-0.6125 -1.2625 -0.01)
(-0.6 -1.2625 -0.01)
(0.6 -1.2625 -0.01)
(0.6125 -1.2625 -0.01)
(0.625 -1.2625 -0.01)
(0.6375 -1.2625 -0.01)
(-0.6375 -1.25 -0.01)
(-0.625 -1.25 -0.01)
(-0.6125 -1.25 -0.01)
(-0.6 -1.25 -0.01)
(0.6 -1.25 -0.01)
(0.6125 -1.25 -0.01)
(0.625 -1.25 -0.01)
(0.6375 -1.25 -0.01)
(-0.6375 -1.2375 -0.01)
(-0.625 -1.2375 -0.01)
(-0.6125 -1.2375 -0.01)
(-0.6 -1.2375 -0.01)
(0.6 -1.2375 -0.01)
(0.6125 -1.2375 -0.01)
(0.625 -1.2375 -0.01)
(0.6375 -1.2375 -0.01)
(-0.6375 -1.225 -0.01)
(-0.625 -1.225 -0.01)
(-0.6125 -1.225 -0.01)
(-0.6 -1.225 -0.01)
(0.6 -1.225 -0.01)
(0.6125 -1.225 -0.01)
(0.625 -1.225 -0.01)
(0.6375 -1.225 -0.01)
(-0.6375 -1.2125 -0.01)
(-0.625 -1.2125 -0.01)
(-0.6125 -1.2125 -0.01)
(-0.6 -1.2125 -0.01)
(0.6 -1.2125 -0.01)
(0.6125 -1.2125 -0.01)
(0.625 -1.2125 -0.01)
(0.6375 -1.2125 -0.01)
(-0.6375 -1.2 -0.01)
(-0.625 -1.2 -0.01)
(-0.6125 -1.2 -0.01)
(-0.6 -1.2 -0.01)
(0.6 -1.2 -0.01)
(0.6125 -1.2 -0.01)
(0.625 -1.2 -0.01)
(0.6375 -1.2 -0.01)
(-0.6375 -1.1875 -0.01)
(-0.625 -1.1875 -0.01)
(-0.6125 -1.1875 -0.01)
(-0.6 -1.1875 -0.01)
(0.6 -1.1875 -0.01)
(0.6125 -1.1875 -0.01)
(0.625 -1.1875 -0.01)
(0.6375 -1.1875 -0.01)
(-0.6375 -1.175 -0.01)
(-0.625 -1.175 -0.01)
(-0.6125 -1.175 -0.01)
(-0.6 -1.175 -0.01)
(0.6 -1.175 -0.01)
(0.6125 -1.175 -0.01)
(0.625 -1.175 -0.01)
(0.6375 -1.175 -0.01)
(-0.6375 -1.1625 -0.01)
(-0.625 -1.1625 -0.01)
(-0.6125 -1.1625 -0.01)
(-0.6 -1.1625 -0.01)
(0.6 -1.1625 -0.01)
(0.6125 -1.1625 -0.01)
(0.625 -1.1625 -0.01)
(0.6375 -1.1625 -0.01)
(-0.6375 -1.15 -0.01)
(-0.625 -1.15 -0.01)
(-0.6125 -1.15 -0.01)
(-0.6 -1.15 -0.01)
(0.6 -1.15 -0.01)
(0.6125 -1.15 -0.01)
(0.625 -1.15 -0.01)
(0.6375 -1.15 -0.01)
(-0.6375 -1.1375 -0.01)
(-0.625 -1.1375 -0.01)
(-0.6125 -1.1375 -0.01)
(-0.6 -1.1375 -0.01)
(0.6 -1.1375 -0.01)
(0.6125 -1.1375 -0.01)
(0.625 -1.1375 -0.01)
(0.6375 -1.1375 -0.01)
(-0.6375 -1.125 -0.01)
(-0.625 -1.125 -0.01)
(-0.6125 -1.125 -0.01)
(-0.6 -1.125 -0.01)
(0.6 -1.125 -0.01)
(0.6125 -1.125 -0.01)
(0.625 -1.125 -0.01)
(0.6375 -1.125 -0.01)
(-0.6375 -1.1125 -0.01)
(-0.625 -1.1125 -0.01)
(-0.6125 -1.1125 -0.01)
(-0.6 -1.1125 -0.01)
(0.6 -1.1125 -0.01)
(0.6125 -1.1125 -0.01)
(0.625 -1.1125 -0.01)
(0.6375 -1.1125 -0.01)
(-0.6375 -1.1 -0.01)
(-0.625 -1.1 -0.01)
(-0.6125 -1.1 -0.01)
(-0.6 -1.1 -0.01)
(0.6 -1.1 -0.01)
(0.6125 -1.1 -0.01)
(0.625 -1.1 -0.01)
(0.6375 -1.1 -0.01)
(-0.6375 -1.0875 -0.01)
(-0.625 -1.0875 -0.01)
(-0.6125 -1.0875 -0.01)
(-0.6 -1.0875 -0.01)
(0.6 -1.0875 -0.01)
(0.6125 -1.0875 -0.01)
(0.625 -1.0875 -0.01)
(0.6375 -1.0875 -0.01)
(-0.6375 -1.075 -0.01)
(-0.625 -1.075 -0.01)
(-0.6125 -1.075 -0.01)
(-0.6 -1.075 -0.01)
(0.6 -1.075 -0.01)
(0.6125 -1.075 -0.01)
(0.625 -1.075 -0.01)
(0.6375 -1.075 -0.01)
(-0.6375 -1.0625 -0.01)
(-0.625 -1.0625 -0.01)
(-0.6125 -1.0625 -0.01)
(-0.6 -1.0625 -0.01)
(0.6 -1.0625 -0.01)
(0.6125 -1.0625 -0.01)
(0.625 -1.0625 -0.01)
(0.6375 -1.0625 -0.01)
(-0.6375 -1.05 -0.01)
(-0.625 -1.05 -0.01)
(-0.6125 -1.05 -0.01)
(-0.6 -1.05 -0.01)
(0.6 -1.05 -0.01)
(0.6125 -1.05 -0.01)
(0.625 -1.05 -0.01)
(0.6375 -1.05 -0.01)
(-0.6375 -1.0375 -0.01)
(-0.625 -1.0375 -0.01)
(-0.6125 -1.0375 -0.01)
(-0.6 -1.0375 -0.01)
(0.6 -1.0375 -0.01)
(0.6125 -1.0375 -0.01)
(0.625 -1.0375 -0.01)
(0.6375 -1.0375 -0.01)
(-0.6375 -1.025 -0.01)
(-0.625 -1.025 -0.01)
(-0.6125 -1.025 -0.01)
(-0.6 -1.025 -0.01)
(0.6 -1.025 -0.01)
(0.6125 -1.025 -0.01)
(0.625 -1.025 -0.01)
(0.6375 -1.025 -0.01)
(-0.6375 -1.0125 -0.01)
(-0.625 -1.0125 -0.01)
(-0.6125 -1.0125 -0.01)
(-0.6 -1.0125 -0.01)
(0.6 -1.0125 -0.01)
(0.6125 -1.0125 -0.01)
(0.625 -1.0125 -0.01)
(0.6375 -1.0125 -0.01)
(-0.6375 -1 -0.01)
(-0.625 -1 -0.01)
(-0.6125 -1 -0.01)
(-0.6 -1 -0.01)
(0.6 -1 -0.01)
(0.6125 -1 -0.01)
(0.625 -1 -0.01)
(0.6375 -1 -0.01)
(-0.6375 -0.9875 -0.01)
(-0.625 -0.9875 -0.01)
(-0.6125 -0.9875 -0.01)
(-0.6 -0.9875 -0.01)
(0.6 -0.9875 -0.01)
(0.6125 -0.9875 -0.01)
(0.625 -0.9875 -0.01)
(0.6375 -0.9875 -0.01)
(-0.6375 -0.975 -0.01)
(-0.625 -0.975 -0.01)
(-0.6125 -0.975 -0.01)
(-0.6 -0.975 -0.01)
(0.6 -0.975 -0.01)
(0.6125 -0.975 -0.01)
(0.625 -0.975 -0.01)
(0.6375 -0.975 -0.01)
(-0.6375 -0.9625 -0.01)
(-0.625 -0.9625 -0.01)
(-0.6125 -0.9625 -0.01)
(-0.6 -0.9625 -0.01)
(0.6 -0.9625 -0.01)
(0.6125 -0.9625 -0.01)
(0.625 -0.9625 -0.01)
(0.6375 -0.9625 -0.01)
(-0.6375 -0.95 -0.01)
(-0.625 -0.95 -0.01)
(-0.6125 -0.95 -0.01)
(-0.6 -0.95 -0.01)
(0.6 -0.95 -0.01)
(0.6125 -0.95 -0.01)
(0.625 -0.95 -0.01)
(0.6375 -0.95 -0.01)
(-0.6375 -0.9375 -0.01)
(-0.625 -0.9375 -0.01)
(-0.6125 -0.9375 -0.01)
(-0.6 -0.9375 -0.01)
(0.6 -0.9375 -0.01)
(0.6125 -0.9375 -0.01)
(0.625 -0.9375 -0.01)
(0.6375 -0.9375 -0.01)
(-0.6375 -0.925 -0.01)
(-0.625 -0.925 -0.01)
(-0.6125 -0.925 -0.01)
(-0.6 -0.925 -0.01)
(0.6 -0.925 -0.01)
(0.6125 -0.925 -0.01)
(0.625 -0.925 -0.01)
(0.6375 -0.925 -0.01)
(-0.6375 -0.9125 -0.01)
(-0.625 -0.9125 -0.01)
(-0.6125 -0.9125 -0.01)
(-0.6 -0.9125 -0.01)
(0.6 -0.9125 -0.01)
(0.6125 -0.9125 -0.01)
(0.625 -0.9125 -0.01)
(0.6375 -0.9125 -0.01)
(-0.6375 -0.9 -0.01)
(-0.625 -0.9 -0.01)
(-0.6125 -0.9 -0.01)
(-0.6 -0.9 -0.01)
(0.6 -0.9 -0.01)
(0.6125 -0.9 -0.01)
(0.625 -0.9 -0.01)
(0.6375 -0.9 -0.01)
(-0.6375 -0.8875 -0.01)
(-0.625 -0.8875 -0.01)
(-0.6125 -0.8875 -0.01)
(-0.6 -0.8875 -0.01)
(0.6 -0.8875 -0.01)
(0.6125 -0.8875 -0.01)
(0.625 -0.8875 -0.01)
(0.6375 -0.8875 -0.01)
(-0.6375 -0.875 -0.01)
(-0.625 -0.875 -0.01)
(-0.6125 -0.875 -0.01)
(-0.6 -0.875 -0.01)
(0.6 -0.875 -0.01)
(0.6125 -0.875 -0.01)
(0.625 -0.875 -0.01)
(0.6375 -0.875 -0.01)
(-0.6375 -0.8625 -0.01)
(-0.625 -0.8625 -0.01)
(-0.6125 -0.8625 -0.01)
(-0.6 -0.8625 -0.01)
(0.6 -0.8625 -0.01)
(0.6125 -0.8625 -0.01)
(0.625 -0.8625 -0.01)
(0.6375 -0.8625 -0.01)
(-0.6375 -0.85 -0.01)
(-0.625 -0.85 -0.01)
(-0.6125 -0.85 -0.01)
(-0.6 -0.85 -0.01)
(0.6 -0.85 -0.01)
(0.6125 -0.85 -0.01)
(0.625 -0.85 -0.01)
(0.6375 -0.85 -0.01)
(-0.6375 -0.8375 -0.01)
(-0.625 -0.8375 -0.01)
(-0.6125 -0.8375 -0.01)
(-0.6 -0.8375 -0.01)
(0.6 -0.8375 -0.01)
(0.6125 -0.8375 -0.01)
(0.625 -0.8375 -0.01)
(0.6375 -0.8375 -0.01)
(-0.6375 -0.825 -0.01)
(-0.625 -0.825 -0.01)
(-0.6125 -0.825 -0.01)
(-0.6 -0.825 -0.01)
(0.6 -0.825 -0.01)
(0.6125 -0.825 -0.01)
(0.625 -0.825 -0.01)
(0.6375 -0.825 -0.01)
(-0.6375 -0.8125 -0.01)
(-0.625 -0.8125 -0.01)
(-0.6125 -0.8125 -0.01)
(-0.6 -0.8125 -0.01)
(0.6 -0.8125 -0.01)
(0.6125 -0.8125 -0.01)
(0.625 -0.8125 -0.01)
(0.6375 -0.8125 -0.01)
(-0.6375 -0.8 -0.01)
(-0.625 -0.8 -0.01)
(-0.6125 -0.8 -0.01)
(-0.6 -0.8 -0.01)
(0.6 -0.8 -0.01)
(0.6125 -0.8 -0.01)
(0.625 -0.8 -0.01)
(0.6375 -0.8 -0.01)
(-0.6375 -0.7875 -0.01)
(-0.625 -0.7875 -0.01)
(-0.6125 -0.7875 -0.01)
(-0.6 -0.7875 -0.01)
(0.6 -0.7875 -0.01)
(0.6125 -0.7875 -0.01)
(0.625 -0.7875 -0.01)
(0.6375 -0.7875 -0.01)
(-0.6375 -0.775 -0.01)
(-0.625 -0.775 -0.01)
(-0.6125 -0.775 -0.01)
(-0.6 -0.775 -0.01)
(0.6 -0.775 -0.01)
(0.6125 -0.775 -0.01)
(0.625 -0.775 -0.01)
(0.6375 -0.775 -0.01)
(-0.6375 -0.7625 -0.01)
(-0.625 -0.7625 -0.01)
(-0.6125 -0.7625 -0.01)
(-0.6 -0.7625 -0.01)
(0.6 -0.7625 -0.01)
(0.6125 -0.7625 -0.01)
(0.625 -0.7625 -0.01)
(0.6375 -0.7625 -0.01)
(-0.6375 -0.75 -0.01)
(-0.625 -0.75 -0.01)
(-0.6125 -0.75 -0.01)
(-0.6 -0.75 -0.01)
(0.6 -0.75 -0.01)
(0.6125 -0.75 -0.01)
(0.625 -0.75 -0.01)
(0.6375 -0.75 -0.01)
(-0.6375 -0.7375 -0.01)
(-0.625 -0.7375 -0.01)
(-0.6125 -0.7375 -0.01)
(-0.6 -0.7375 -0.01)
(0.6 -0.7375 -0.01)
(0.6125 -0.7375 -0.01)
(0.625 -0.7375 -0.01)
(0.6375 -0.7375 -0.01)
(-0.6375 -0.725 -0.01)
(-0.625 -0.725 -0.01)
(-0.6125 -0.725 -0.01)
(-0.6 -0.725 -0.01)
(0.6 -0.725 -0.01)
(0.6125 -0.725 -0.01)
(0.625 -0.725 -0.01)
(0.6375 -0.725 -0.01)
(-0.6375 -0.7125 -0.01)
(-0.625 -0.7125 -0.01)
(-0.6125 -0.7125 -0.01)
(-0.6 -0.7125 -0.01)
(0.6 -0.7125 -0.01)
(0.6125 -0.7125 -0.01)
(0.625 -0.7125 -0.01)
(0.6375 -0.7125 -0.01)
(-0.6375 -0.7 -0.01)
(-0.625 -0.7 -0.01)
(-0.6125 -0.7 -0.01)
(-0.6 -0.7 -0.01)
(0.6 -0.7 -0.01)
(0.6125 -0.7 -0.01)
(0.625 -0.7 -0.01)
(0.6375 -0.7 -0.01)
(-0.6375 -0.6875 -0.01)
(-0.625 -0.6875 -0.01)
(-0.6125 -0.6875 -0.01)
(-0.6 -0.6875 -0.01)
(0.6 -0.6875 -0.01)
(0.6125 -0.6875 -0.01)
(0.625 -0.6875 -0.01)
(0.6375 -0.6875 -0.01)
(-0.6375 -0.675 -0.01)
(-0.625 -0.675 -0.01)
(-0.6125 -0.675 -0.01)
(-0.6 -0.675 -0.01)
(0.6 -0.675 -0.01)
(0.6125 -0.675 -0.01)
(0.625 -0.675 -0.01)
(0.6375 -0.675 -0.01)
(-0.6375 -0.6625 -0.01)
(-0.625 -0.6625 -0.01)
(-0.6125 -0.6625 -0.01)
(-0.6 -0.6625 -0.01)
(0.6 -0.6625 -0.01)
(0.6125 -0.6625 -0.01)
(0.625 -0.6625 -0.01)
(0.6375 -0.6625 -0.01)
(-0.6375 -0.65 -0.01)
(-0.625 -0.65 -0.01)
(-0.6125 -0.65 -0.01)
(-0.6 -0.65 -0.01)
(0.6 -0.65 -0.01)
(0.6125 -0.65 -0.01)
(0.625 -0.65 -0.01)
(0.6375 -0.65 -0.01)
(-0.6375 -0.6375 -0.01)
(-0.625 -0.6375 -0.01)
(-0.6125 -0.6375 -0.01)
(-0.6 -0.6375 -0.01)
(0.6 -0.6375 -0.01)
(0.6125 -0.6375 -0.01)
(0.625 -0.6375 -0.01)
(0.6375 -0.6375 -0.01)
(-0.6375 -0.625 -0.01)
(-0.625 -0.625 -0.01)
(-0.6125 -0.625 -0.01)
(-0.6 -0.625 -0.01)
(0.6 -0.625 -0.01)
(0.6125 -0.625 -0.01)
(0.625 -0.625 -0.01)
(0.6375 -0.625 -0.01)
(-0.6375 -0.6125 -0.01)
(-0.625 -0.6125 -0.01)
(-0.6125 -0.6125 -0.01)
(-0.6 -0.6125 -0.01)
(0.6 -0.6125 -0.01)
(0.6125 -0.6125 -0.01)
(0.625 -0.6125 -0.01)
(0.6375 -0.6125 -0.01)
(-0.6375 -0.6 -0.01)
(-0.625 -0.6 -0.01)
(-0.6125 -0.6 -0.01)
(-0.6 -0.6 -0.01)
(0.6 -0.6 -0.01)
(0.6125 -0.6 -0.01)
(0.625 -0.6 -0.01)
(0.6375 -0.6 -0.01)
(-0.6375 -0.5875 -0.01)
(-0.625 -0.5875 -0.01)
(-0.6125 -0.5875 -0.01)
(-0.6 -0.5875 -0.01)
(0.6 -0.5875 -0.01)
(0.6125 -0.5875 -0.01)
(0.625 -0.5875 -0.01)
(0.6375 -0.5875 -0.01)
(-0.6375 -0.575 -0.01)
(-0.625 -0.575 -0.01)
(-0.6125 -0.575 -0.01)
(-0.6 -0.575 -0.01)
(0.6 -0.575 -0.01)
(0.6125 -0.575 -0.01)
(0.625 -0.575 -0.01)
(0.6375 -0.575 -0.01)
(-0.6375 -0.5625 -0.01)
(-0.625 -0.5625 -0.01)
(-0.6125 -0.5625 -0.01)
(-0.6 -0.5625 -0.01)
(0.6 -0.5625 -0.01)
(0.6125 -0.5625 -0.01)
(0.625 -0.5625 -0.01)
(0.6375 -0.5625 -0.01)
(-0.6375 -0.55 -0.01)
(-0.625 -0.55 -0.01)
(-0.6125 -0.55 -0.01)
(-0.6 -0.55 -0.01)
(0.6 -0.55 -0.01)
(0.6125 -0.55 -0.01)
(0.625 -0.55 -0.01)
(0.6375 -0.55 -0.01)
(-0.6375 -0.5375 -0.01)
(-0.625 -0.5375 -0.01)
(-0.6125 -0.5375 -0.01)
(-0.6 -0.5375 -0.01)
(0.6 -0.5375 -0.01)
(0.6125 -0.5375 -0.01)
(0.625 -0.5375 -0.01)
(0.6375 -0.5375 -0.01)
(-0.6375 -0.525 -0.01)
(-0.625 -0.525 -0.01)
(-0.6125 -0.525 -0.01)
(-0.6 -0.525 -0.01)
(0.6 -0.525 -0.01)
(0.6125 -0.525 -0.01)
(0.625 -0.525 -0.01)
(0.6375 -0.525 -0.01)
(-0.6375 -0.5125 -0.01)
(-0.625 -0.5125 -0.01)
(-0.6125 -0.5125 -0.01)
(-0.6 -0.5125 -0.01)
(0.6 -0.5125 -0.01)
(0.6125 -0.5125 -0.01)
(0.625 -0.5125 -0.01)
(0.6375 -0.5125 -0.01)
(-0.6375 -0.5 -0.01)
(-0.625 -0.5 -0.01)
(-0.6125 -0.5 -0.01)
(-0.6 -0.5 -0.01)
(0.6 -0.5 -0.01)
(0.6125 -0.5 -0.01)
(0.625 -0.5 -0.01)
(0.6375 -0.5 -0.01)
(-0.6375 -0.4875 -0.01)
(-0.625 -0.4875 -0.01)
(-0.6125 -0.4875 -0.01)
(-0.6 -0.4875 -0.01)
(0.6 -0.4875 -0.01)
(0.6125 -0.4875 -0.01)
(0.625 -0.4875 -0.01)
(0.6375 -0.4875 -0.01)
(-0.6375 -0.475 -0.01)
(-0.625 -0.475 -0.01)
(-0.6125 -0.475 -0.01)
(-0.6 -0.475 -0.01)
(0.6 -0.475 -0.01)
(0.6125 -0.475 -0.01)
(0.625 -0.475 -0.01)
(0.6375 -0.475 -0.01)
(-0.6375 -0.4625 -0.01)
(-0.625 -0.4625 -0.01)
(-0.6125 -0.4625 -0.01)
(-0.6 -0.4625 -0.01)
(0.6 -0.4625 -0.01)
(0.6125 -0.4625 -0.01)
(0.625 -0.4625 -0.01)
(0.6375 -0.4625 -0.01)
(-0.6375 -0.45 -0.01)
(-0.625 -0.45 -0.01)
(-0.6125 -0.45 -0.01)
(-0.6 -0.45 -0.01)
(0.6 -0.45 -0.01)
(0.6125 -0.45 -0.01)
(0.625 -0.45 -0.01)
(0.6375 -0.45 -0.01)
(-0.6375 -0.4375 -0.01)
(-0.625 -0.4375 -0.01)
(-0.6125 -0.4375 -0.01)
(-0.6 -0.4375 -0.01)
(0.6 -0.4375 -0.01)
(0.6125 -0.4375 -0.01)
(0.625 -0.4375 -0.01)
(0.6375 -0.4375 -0.01)
(-0.6375 -0.425 -0.01)
(-0.625 -0.425 -0.01)
(-0.6125 -0.425 -0.01)
(-0.6 -0.425 -0.01)
(0.6 -0.425 -0.01)
(0.6125 -0.425 -0.01)
(0.625 -0.425 -0.01)
(0.6375 -0.425 -0.01)
(-0.6375 -0.4125 -0.01)
(-0.625 -0.4125 -0.01)
(-0.6125 -0.4125 -0.01)
(-0.6 -0.4125 -0.01)
(0.6 -0.4125 -0.01)
(0.6125 -0.4125 -0.01)
(0.625 -0.4125 -0.01)
(0.6375 -0.4125 -0.01)
(-0.6375 -0.4 -0.01)
(-0.625 -0.4 -0.01)
(-0.6125 -0.4 -0.01)
(-0.6 -0.4 -0.01)
(0.6 -0.4 -0.01)
(0.6125 -0.4 -0.01)
(0.625 -0.4 -0.01)
(0.6375 -0.4 -0.01)
(-0.6375 -0.3875 -0.01)
(-0.625 -0.3875 -0.01)
(-0.6125 -0.3875 -0.01)
(-0.6 -0.3875 -0.01)
(0.6 -0.3875 -0.01)
(0.6125 -0.3875 -0.01)
(0.625 -0.3875 -0.01)
(0.6375 -0.3875 -0.01)
(-0.6375 -0.375 -0.01)
(-0.625 -0.375 -0.01)
(-0.6125 -0.375 -0.01)
(-0.6 -0.375 -0.01)
(0.6 -0.375 -0.01)
(0.6125 -0.375 -0.01)
(0.625 -0.375 -0.01)
(0.6375 -0.375 -0.01)
(-0.6375 -0.3625 -0.01)
(-0.625 -0.3625 -0.01)
(-0.6125 -0.3625 -0.01)
(-0.6 -0.3625 -0.01)
(0.6 -0.3625 -0.01)
(0.6125 -0.3625 -0.01)
(0.625 -0.3625 -0.01)
(0.6375 -0.3625 -0.01)
(-0.6375 -0.35 -0.01)
(-0.625 -0.35 -0.01)
(-0.6125 -0.35 -0.01)
(-0.6 -0.35 -0.01)
(0.6 -0.35 -0.01)
(0.6125 -0.35 -0.01)
(0.625 -0.35 -0.01)
(0.6375 -0.35 -0.01)
(-0.6375 -0.3375 -0.01)
(-0.625 -0.3375 -0.01)
(-0.6125 -0.3375 -0.01)
(-0.6 -0.3375 -0.01)
(0.6 -0.3375 -0.01)
(0.6125 -0.3375 -0.01)
(0.625 -0.3375 -0.01)
(0.6375 -0.3375 -0.01)
(-0.6375 -0.325 -0.01)
(-0.625 -0.325 -0.01)
(-0.6125 -0.325 -0.01)
(-0.6 -0.325 -0.01)
(0.6 -0.325 -0.01)
(0.6125 -0.325 -0.01)
(0.625 -0.325 -0.01)
(0.6375 -0.325 -0.01)
(-0.6375 -0.3125 -0.01)
(-0.625 -0.3125 -0.01)
(-0.6125 -0.3125 -0.01)
(-0.6 -0.3125 -0.01)
(0.6 -0.3125 -0.01)
(0.6125 -0.3125 -0.01)
(0.625 -0.3125 -0.01)
(0.6375 -0.3125 -0.01)
(-0.6375 -0.3 -0.01)
(-0.625 -0.3 -0.01)
(-0.6125 -0.3 -0.01)
(-0.6 -0.3 -0.01)
(0.6 -0.3 -0.01)
(0.6125 -0.3 -0.01)
(0.625 -0.3 -0.01)
(0.6375 -0.3 -0.01)
(-0.6375 -0.2875 -0.01)
(-0.625 -0.2875 -0.01)
(-0.6125 -0.2875 -0.01)
(-0.6 -0.2875 -0.01)
(0.6 -0.2875 -0.01)
(0.6125 -0.2875 -0.01)
(0.625 -0.2875 -0.01)
(0.6375 -0.2875 -0.01)
(-0.6375 -0.275 -0.01)
(-0.625 -0.275 -0.01)
(-0.6125 -0.275 -0.01)
(-0.6 -0.275 -0.01)
(0.6 -0.275 -0.01)
(0.6125 -0.275 -0.01)
(0.625 -0.275 -0.01)
(0.6375 -0.275 -0.01)
(-0.6375 -0.2625 -0.01)
(-0.625 -0.2625 -0.01)
(-0.6125 -0.2625 -0.01)
(-0.6 -0.2625 -0.01)
(0.6 -0.2625 -0.01)
(0.6125 -0.2625 -0.01)
(0.625 -0.2625 -0.01)
(0.6375 -0.2625 -0.01)
(-0.6375 -0.25 -0.01)
(-0.625 -0.25 -0.01)
(-0.6125 -0.25 -0.01)
(-0.6 -0.25 -0.01)
(0.6 -0.25 -0.01)
(0.6125 -0.25 -0.01)
(0.625 -0.25 -0.01)
(0.6375 -0.25 -0.01)
(-0.6375 -0.2375 -0.01)
(-0.625 -0.2375 -0.01)
(-0.6125 -0.2375 -0.01)
(-0.6 -0.2375 -0.01)
(0.6 -0.2375 -0.01)
(0.6125 -0.2375 -0.01)
(0.625 -0.2375 -0.01)
(0.6375 -0.2375 -0.01)
(-0.6375 -0.225 -0.01)
(-0.625 -0.225 -0.01)
(-0.6125 -0.225 -0.01)
(-0.6 -0.225 -0.01)
(0.6 -0.225 -0.01)
(0.6125 -0.225 -0.01)
(0.625 -0.225 -0.01)
(0.6375 -0.225 -0.01)
(-0.6375 -0.2125 -0.01)
(-0.625 -0.2125 -0.01)
(-0.6125 -0.2125 -0.01)
(-0.6 -0.2125 -0.01)
(0.6 -0.2125 -0.01)
(0.6125 -0.2125 -0.01)
(0.625 -0.2125 -0.01)
(0.6375 -0.2125 -0.01)
(-0.6375 -0.2 -0.01)
(-0.625 -0.2 -0.01)
(-0.6125 -0.2 -0.01)
(-0.6 -0.2 -0.01)
(0.6 -0.2 -0.01)
(0.6125 -0.2 -0.01)
(0.625 -0.2 -0.01)
(0.6375 -0.2 -0.01)
(-0.6375 -0.1875 -0.01)
(-0.625 -0.1875 -0.01)
(-0.6125 -0.1875 -0.01)
(-0.6 -0.1875 -0.01)
(0.6 -0.1875 -0.01)
(0.6125 -0.1875 -0.01)
(0.625 -0.1875 -0.01)
(0.6375 -0.1875 -0.01)
(-0.6375 -0.175 -0.01)
(-0.625 -0.175 -0.01)
(-0.6125 -0.175 -0.01)
(-0.6 -0.175 -0.01)
(0.6 -0.175 -0.01)
(0.6125 -0.175 -0.01)
(0.625 -0.175 -0.01)
(0.6375 -0.175 -0.01)
(-0.6375 -0.1625 -0.01)
(-0.625 -0.1625 -0.01)
(-0.6125 -0.1625 -0.01)
(-0.6 -0.1625 -0.01)
(0.6 -0.1625 -0.01)
(0.6125 -0.1625 -0.01)
(0.625 -0.1625 -0.01)
(0.6375 -0.1625 -0.01)
(-0.6375 -0.15 -0.01)
(-0.625 -0.15 -0.01)
(-0.6125 -0.15 -0.01)
(-0.6 -0.15 -0.01)
(0.6 -0.15 -0.01)
(0.6125 -0.15 -0.01)
(0.625 -0.15 -0.01)
(0.6375 -0.15 -0.01)
(-0.6375 -0.1375 -0.01)
(-0.625 -0.1375 -0.01)
(-0.6125 -0.1375 -0.01)
(-0.6 -0.1375 -0.01)
(0.6 -0.1375 -0.01)
(0.6125 -0.1375 -0.01)
(0.625 -0.1375 -0.01)
(0.6375 -0.1375 -0.01)
(-0.6375 -0.125 -0.01)
(-0.625 -0.125 -0.01)
(-0.6125 -0.125 -0.01)
(-0.6 -0.125 -0.01)
(0.6 -0.125 -0.01)
(0.6125 -0.125 -0.01)
(0.625 -0.125 -0.01)
(0.6375 -0.125 -0.01)
(-0.6375 -0.1125 -0.01)
(-0.625 -0.1125 -0.01)
(-0.6125 -0.1125 -0.01)
(-0.6 -0.1125 -0.01)
(0.6 -0.1125 -0.01)
(0.6125 -0.1125 -0.01)
(0.625 -0.1125 -0.01)
(0.6375 -0.1125 -0.01)
(-0.6375 -0.1 -0.01)
(-0.625 -0.1 -0.01)
(-0.6125 -0.1 -0.01)
(-0.6 -0.1 -0.01)
(0.6 -0.1 -0.01)
(0.6125 -0.1 -0.01)
(0.625 -0.1 -0.01)
(0.6375 -0.1 -0.01)
(-0.6375 -0.0875 -0.01)
(-0.625 -0.0875 -0.01)
(-0.6125 -0.0875 -0.01)
(-0.6 -0.0875 -0.01)
(0.6 -0.0875 -0.01)
(0.6125 -0.0875 -0.01)
(0.625 -0.0875 -0.01)
(0.6375 -0.0875 -0.01)
(-0.6375 -0.075 -0.01)
(-0.625 -0.075 -0.01)
(-0.6125 -0.075 -0.01)
(-0.6 -0.075 -0.01)
(0.6 -0.075 -0.01)
(0.6125 -0.075 -0.01)
(0.625 -0.075 -0.01)
(0.6375 -0.075 -0.01)
(-0.6375 -0.0625 -0.01)
(-0.625 -0.0625 -0.01)
(-0.6125 -0.0625 -0.01)
(-0.6 -0.0625 -0.01)
(0.6 -0.0625 -0.01)
(0.6125 -0.0625 -0.01)
(0.625 -0.0625 -0.01)
(0.6375 -0.0625 -0.01)
(-0.6375 -0.05 -0.01)
(-0.625 -0.05 -0.01)
(-0.6125 -0.05 -0.01)
(-0.6 -0.05 -0.01)
(0.6 -0.05 -0.01)
(0.6125 -0.05 -0.01)
(0.625 -0.05 -0.01)
(0.6375 -0.05 -0.01)
(-0.6375 -0.0375 -0.01)
(-0.625 -0.0375 -0.01)
(-0.6125 -0.0375 -0.01)
(-0.6 -0.0375 -0.01)
(0.6 -0.0375 -0.01)
(0.6125 -0.0375 -0.01)
(0.625 -0.0375 -0.01)
(0.6375 -0.0375 -0.01)
(-0.6375 -0.025 -0.01)
(-0.625 -0.025 -0.01)
(-0.6125 -0.025 -0.01)
(-0.6 -0.025 -0.01)
(0.6 -0.025 -0.01)
(0.6125 -0.025 -0.01)
(0.625 -0.025 -0.01)
(0.6375 -0.025 -0.01)
(-0.6375 -0.0125 -0.01)
(-0.625 -0.0125 -0.01)
(-0.6125 -0.0125 -0.01)
(-0.6 -0.0125 -0.01)
(0.6 -0.0125 -0.01)
(0.6125 -0.0125 -0.01)
(0.625 -0.0125 -0.01)
(0.6375 -0.0125 -0.01)
(-0.6375 -7.40148683083e-17 -0.01)
(-0.625 -3.70074341542e-17 -0.01)
(-0.6125 -3.70074341542e-17 -0.01)
(-0.6 -7.40148683083e-17 -0.01)
(0.6 -6.01370805005e-17 -0.01)
(0.6125 -5.89805981832e-17 -0.01)
(0.625 -3.87421576301e-17 -0.01)
(0.6375 -7.40148683083e-17 -0.01)
(-0.6375 0.0125 -0.01)
(-0.625 0.0125 -0.01)
(-0.6125 0.0125 -0.01)
(-0.6 0.0125 -0.01)
(0.6 0.0125 -0.01)
(0.6125 0.0125 -0.01)
(0.625 0.0125 -0.01)
(0.6375 0.0125 -0.01)
(-0.6375 0.025 -0.01)
(-0.625 0.025 -0.01)
(-0.6125 0.025 -0.01)
(-0.6 0.025 -0.01)
(0.6 0.025 -0.01)
(0.6125 0.025 -0.01)
(0.625 0.025 -0.01)
(0.6375 0.025 -0.01)
(-0.6375 0.0375 -0.01)
(-0.625 0.0375 -0.01)
(-0.6125 0.0375 -0.01)
(-0.6 0.0375 -0.01)
(0.6 0.0375 -0.01)
(0.6125 0.0375 -0.01)
(0.625 0.0375 -0.01)
(0.6375 0.0375 -0.01)
(-0.6375 0.05 -0.01)
(-0.625 0.05 -0.01)
(-0.6125 0.05 -0.01)
(-0.6 0.05 -0.01)
(0.6 0.05 -0.01)
(0.6125 0.05 -0.01)
(0.625 0.05 -0.01)
(0.6375 0.05 -0.01)
(-0.6375 0.0625 -0.01)
(-0.625 0.0625 -0.01)
(-0.6125 0.0625 -0.01)
(-0.6 0.0625 -0.01)
(0.6 0.0625 -0.01)
(0.6125 0.0625 -0.01)
(0.625 0.0625 -0.01)
(0.6375 0.0625 -0.01)
(-0.6375 0.075 -0.01)
(-0.625 0.075 -0.01)
(-0.6125 0.075 -0.01)
(-0.6 0.075 -0.01)
(0.6 0.075 -0.01)
(0.6125 0.075 -0.01)
(0.625 0.075 -0.01)
(0.6375 0.075 -0.01)
(-0.6375 0.0875 -0.01)
(-0.625 0.0875 -0.01)
(-0.6125 0.0875 -0.01)
(-0.6 0.0875 -0.01)
(0.6 0.0875 -0.01)
(0.6125 0.0875 -0.01)
(0.625 0.0875 -0.01)
(0.6375 0.0875 -0.01)
(-0.6375 0.1 -0.01)
(-0.625 0.1 -0.01)
(-0.6125 0.1 -0.01)
(-0.6 0.1 -0.01)
(0.6 0.1 -0.01)
(0.6125 0.1 -0.01)
(0.625 0.1 -0.01)
(0.6375 0.1 -0.01)
(-0.6375 0.1125 -0.01)
(-0.625 0.1125 -0.01)
(-0.6125 0.1125 -0.01)
(-0.6 0.1125 -0.01)
(0.6 0.1125 -0.01)
(0.6125 0.1125 -0.01)
(0.625 0.1125 -0.01)
(0.6375 0.1125 -0.01)
(-0.6375 0.125 -0.01)
(-0.625 0.125 -0.01)
(-0.6125 0.125 -0.01)
(-0.6 0.125 -0.01)
(0.6 0.125 -0.01)
(0.6125 0.125 -0.01)
(0.625 0.125 -0.01)
(0.6375 0.125 -0.01)
(-0.6375 0.1375 -0.01)
(-0.625 0.1375 -0.01)
(-0.6125 0.1375 -0.01)
(-0.6 0.1375 -0.01)
(0.6 0.1375 -0.01)
(0.6125 0.1375 -0.01)
(0.625 0.1375 -0.01)
(0.6375 0.1375 -0.01)
(-0.6375 0.15 -0.01)
(-0.625 0.15 -0.01)
(-0.6125 0.15 -0.01)
(-0.6 0.15 -0.01)
(0.6 0.15 -0.01)
(0.6125 0.15 -0.01)
(0.625 0.15 -0.01)
(0.6375 0.15 -0.01)
(-0.6375 0.1625 -0.01)
(-0.625 0.1625 -0.01)
(-0.6125 0.1625 -0.01)
(-0.6 0.1625 -0.01)
(0.6 0.1625 -0.01)
(0.6125 0.1625 -0.01)
(0.625 0.1625 -0.01)
(0.6375 0.1625 -0.01)
(-0.6375 0.175 -0.01)
(-0.625 0.175 -0.01)
(-0.6125 0.175 -0.01)
(-0.6 0.175 -0.01)
(0.6 0.175 -0.01)
(0.6125 0.175 -0.01)
(0.625 0.175 -0.01)
(0.6375 0.175 -0.01)
(-0.6375 0.1875 -0.01)
(-0.625 0.1875 -0.01)
(-0.6125 0.1875 -0.01)
(-0.6 0.1875 -0.01)
(0.6 0.1875 -0.01)
(0.6125 0.1875 -0.01)
(0.625 0.1875 -0.01)
(0.6375 0.1875 -0.01)
(-0.6375 0.2 -0.01)
(-0.625 0.2 -0.01)
(-0.6125 0.2 -0.01)
(-0.6 0.2 -0.01)
(0.6 0.2 -0.01)
(0.6125 0.2 -0.01)
(0.625 0.2 -0.01)
(0.6375 0.2 -0.01)
(-0.6375 0.2125 -0.01)
(-0.625 0.2125 -0.01)
(-0.6125 0.2125 -0.01)
(-0.6 0.2125 -0.01)
(0.6 0.2125 -0.01)
(0.6125 0.2125 -0.01)
(0.625 0.2125 -0.01)
(0.6375 0.2125 -0.01)
(-0.6375 0.225 -0.01)
(-0.625 0.225 -0.01)
(-0.6125 0.225 -0.01)
(-0.6 0.225 -0.01)
(0.6 0.225 -0.01)
(0.6125 0.225 -0.01)
(0.625 0.225 -0.01)
(0.6375 0.225 -0.01)
(-0.6375 0.2375 -0.01)
(-0.625 0.2375 -0.01)
(-0.6125 0.2375 -0.01)
(-0.6 0.2375 -0.01)
(0.6 0.2375 -0.01)
(0.6125 0.2375 -0.01)
(0.625 0.2375 -0.01)
(0.6375 0.2375 -0.01)
(-0.6375 0.25 -0.01)
(-0.625 0.25 -0.01)
(-0.6125 0.25 -0.01)
(-0.6 0.25 -0.01)
(0.6 0.25 -0.01)
(0.6125 0.25 -0.01)
(0.625 0.25 -0.01)
(0.6375 0.25 -0.01)
(-0.6375 0.2625 -0.01)
(-0.625 0.2625 -0.01)
(-0.6125 0.2625 -0.01)
(-0.6 0.2625 -0.01)
(0.6 0.2625 -0.01)
(0.6125 0.2625 -0.01)
(0.625 0.2625 -0.01)
(0.6375 0.2625 -0.01)
(-0.6375 0.275 -0.01)
(-0.625 0.275 -0.01)
(-0.6125 0.275 -0.01)
(-0.6 0.275 -0.01)
(0.6 0.275 -0.01)
(0.6125 0.275 -0.01)
(0.625 0.275 -0.01)
(0.6375 0.275 -0.01)
(-0.6375 0.2875 -0.01)
(-0.625 0.2875 -0.01)
(-0.6125 0.2875 -0.01)
(-0.6 0.2875 -0.01)
(0.6 0.2875 -0.01)
(0.6125 0.2875 -0.01)
(0.625 0.2875 -0.01)
(0.6375 0.2875 -0.01)
(-0.6375 0.3 -0.01)
(-0.625 0.3 -0.01)
(-0.6125 0.3 -0.01)
(-0.6 0.3 -0.01)
(0.6 0.3 -0.01)
(0.6125 0.3 -0.01)
(0.625 0.3 -0.01)
(0.6375 0.3 -0.01)
(-0.6375 0.3125 -0.01)
(-0.625 0.3125 -0.01)
(-0.6125 0.3125 -0.01)
(-0.6 0.3125 -0.01)
(0.6 0.3125 -0.01)
(0.6125 0.3125 -0.01)
(0.625 0.3125 -0.01)
(0.6375 0.3125 -0.01)
(-0.6375 0.325 -0.01)
(-0.625 0.325 -0.01)
(-0.6125 0.325 -0.01)
(-0.6 0.325 -0.01)
(0.6 0.325 -0.01)
(0.6125 0.325 -0.01)
(0.625 0.325 -0.01)
(0.6375 0.325 -0.01)
(-0.6375 0.3375 -0.01)
(-0.625 0.3375 -0.01)
(-0.6125 0.3375 -0.01)
(-0.6 0.3375 -0.01)
(0.6 0.3375 -0.01)
(0.6125 0.3375 -0.01)
(0.625 0.3375 -0.01)
(0.6375 0.3375 -0.01)
(-0.6375 0.35 -0.01)
(-0.625 0.35 -0.01)
(-0.6125 0.35 -0.01)
(-0.6 0.35 -0.01)
(0.6 0.35 -0.01)
(0.6125 0.35 -0.01)
(0.625 0.35 -0.01)
(0.6375 0.35 -0.01)
(-0.6375 0.3625 -0.01)
(-0.625 0.3625 -0.01)
(-0.6125 0.3625 -0.01)
(-0.6 0.3625 -0.01)
(0.6 0.3625 -0.01)
(0.6125 0.3625 -0.01)
(0.625 0.3625 -0.01)
(0.6375 0.3625 -0.01)
(-0.6375 0.375 -0.01)
(-0.625 0.375 -0.01)
(-0.6125 0.375 -0.01)
(-0.6 0.375 -0.01)
(0.6 0.375 -0.01)
(0.6125 0.375 -0.01)
(0.625 0.375 -0.01)
(0.6375 0.375 -0.01)
(-0.6375 0.3875 -0.01)
(-0.625 0.3875 -0.01)
(-0.6125 0.3875 -0.01)
(-0.6 0.3875 -0.01)
(0.6 0.3875 -0.01)
(0.6125 0.3875 -0.01)
(0.625 0.3875 -0.01)
(0.6375 0.3875 -0.01)
(-0.6375 0.4 -0.01)
(-0.625 0.4 -0.01)
(-0.6125 0.4 -0.01)
(-0.6 0.4 -0.01)
(0.6 0.4 -0.01)
(0.6125 0.4 -0.01)
(0.625 0.4 -0.01)
(0.6375 0.4 -0.01)
(-0.6375 0.4125 -0.01)
(-0.625 0.4125 -0.01)
(-0.6125 0.4125 -0.01)
(-0.6 0.4125 -0.01)
(0.6 0.4125 -0.01)
(0.6125 0.4125 -0.01)
(0.625 0.4125 -0.01)
(0.6375 0.4125 -0.01)
(-0.6375 0.425 -0.01)
(-0.625 0.425 -0.01)
(-0.6125 0.425 -0.01)
(-0.6 0.425 -0.01)
(0.6 0.425 -0.01)
(0.6125 0.425 -0.01)
(0.625 0.425 -0.01)
(0.6375 0.425 -0.01)
(-0.6375 0.4375 -0.01)
(-0.625 0.4375 -0.01)
(-0.6125 0.4375 -0.01)
(-0.6 0.4375 -0.01)
(0.6 0.4375 -0.01)
(0.6125 0.4375 -0.01)
(0.625 0.4375 -0.01)
(0.6375 0.4375 -0.01)
(-0.6375 0.45 -0.01)
(-0.625 0.45 -0.01)
(-0.6125 0.45 -0.01)
(-0.6 0.45 -0.01)
(0.6 0.45 -0.01)
(0.6125 0.45 -0.01)
(0.625 0.45 -0.01)
(0.6375 0.45 -0.01)
(-0.6375 0.4625 -0.01)
(-0.625 0.4625 -0.01)
(-0.6125 0.4625 -0.01)
(-0.6 0.4625 -0.01)
(0.6 0.4625 -0.01)
(0.6125 0.4625 -0.01)
(0.625 0.4625 -0.01)
(0.6375 0.4625 -0.01)
(-0.6375 0.475 -0.01)
(-0.625 0.475 -0.01)
(-0.6125 0.475 -0.01)
(-0.6 0.475 -0.01)
(0.6 0.475 -0.01)
(0.6125 0.475 -0.01)
(0.625 0.475 -0.01)
(0.6375 0.475 -0.01)
(-0.6375 0.4875 -0.01)
(-0.625 0.4875 -0.01)
(-0.6125 0.4875 -0.01)
(-0.6 0.4875 -0.01)
(0.6 0.4875 -0.01)
(0.6125 0.4875 -0.01)
(0.625 0.4875 -0.01)
(0.6375 0.4875 -0.01)
(-0.6375 0.5 -0.01)
(-0.625 0.5 -0.01)
(-0.6125 0.5 -0.01)
(-0.6 0.5 -0.01)
(0.6 0.5 -0.01)
(0.6125 0.5 -0.01)
(0.625 0.5 -0.01)
(0.6375 0.5 -0.01)
(-0.6375 0.5125 -0.01)
(-0.625 0.5125 -0.01)
(-0.6125 0.5125 -0.01)
(-0.6 0.5125 -0.01)
(0.6 0.5125 -0.01)
(0.6125 0.5125 -0.01)
(0.625 0.5125 -0.01)
(0.6375 0.5125 -0.01)
(-0.6375 0.525 -0.01)
(-0.625 0.525 -0.01)
(-0.6125 0.525 -0.01)
(-0.6 0.525 -0.01)
(0.6 0.525 -0.01)
(0.6125 0.525 -0.01)
(0.625 0.525 -0.01)
(0.6375 0.525 -0.01)
(-0.6375 0.5375 -0.01)
(-0.625 0.5375 -0.01)
(-0.6125 0.5375 -0.01)
(-0.6 0.5375 -0.01)
(0.6 0.5375 -0.01)
(0.6125 0.5375 -0.01)
(0.625 0.5375 -0.01)
(0.6375 0.5375 -0.01)
(-0.6375 0.55 -0.01)
(-0.625 0.55 -0.01)
(-0.6125 0.55 -0.01)
(-0.6 0.55 -0.01)
(0.6 0.55 -0.01)
(0.6125 0.55 -0.01)
(0.625 0.55 -0.01)
(0.6375 0.55 -0.01)
(-0.6375 0.5625 -0.01)
(-0.625 0.5625 -0.01)
(-0.6125 0.5625 -0.01)
(-0.6 0.5625 -0.01)
(0.6 0.5625 -0.01)
(0.6125 0.5625 -0.01)
(0.625 0.5625 -0.01)
(0.6375 0.5625 -0.01)
(-0.6375 0.575 -0.01)
(-0.625 0.575 -0.01)
(-0.6125 0.575 -0.01)
(-0.6 0.575 -0.01)
(0.6 0.575 -0.01)
(0.6125 0.575 -0.01)
(0.625 0.575 -0.01)
(0.6375 0.575 -0.01)
(-0.6375 0.5875 -0.01)
(-0.625 0.5875 -0.01)
(-0.6125 0.5875 -0.01)
(-0.6 0.5875 -0.01)
(0.6 0.5875 -0.01)
(0.6125 0.5875 -0.01)
(0.625 0.5875 -0.01)
(0.6375 0.5875 -0.01)
(-0.6375 0.6 -0.01)
(-0.625 0.6 -0.01)
(-0.6125 0.6 -0.01)
(-0.6 0.6 -0.01)
(0.6 0.6 -0.01)
(0.6125 0.6 -0.01)
(0.625 0.6 -0.01)
(0.6375 0.6 -0.01)
(-0.6375 0.6125 -0.01)
(-0.625 0.6125 -0.01)
(-0.6125 0.6125 -0.01)
(-0.6 0.6125 -0.01)
(0.6 0.6125 -0.01)
(0.6125 0.6125 -0.01)
(0.625 0.6125 -0.01)
(0.6375 0.6125 -0.01)
(-0.6375 0.625 -0.01)
(-0.625 0.625 -0.01)
(-0.6125 0.625 -0.01)
(-0.6 0.625 -0.01)
(0.6 0.625 -0.01)
(0.6125 0.625 -0.01)
(0.625 0.625 -0.01)
(0.6375 0.625 -0.01)
(-0.6375 0.6375 -0.01)
(-0.625 0.6375 -0.01)
(-0.6125 0.6375 -0.01)
(-0.6 0.6375 -0.01)
(0.6 0.6375 -0.01)
(0.6125 0.6375 -0.01)
(0.625 0.6375 -0.01)
(0.6375 0.6375 -0.01)
(-0.6375 0.65 -0.01)
(-0.625 0.65 -0.01)
(-0.6125 0.65 -0.01)
(-0.6 0.65 -0.01)
(0.6 0.65 -0.01)
(0.6125 0.65 -0.01)
(0.625 0.65 -0.01)
(0.6375 0.65 -0.01)
(-0.6375 0.6625 -0.01)
(-0.625 0.6625 -0.01)
(-0.6125 0.6625 -0.01)
(-0.6 0.6625 -0.01)
(0.6 0.6625 -0.01)
(0.6125 0.6625 -0.01)
(0.625 0.6625 -0.01)
(0.6375 0.6625 -0.01)
(-0.6375 0.675 -0.01)
(-0.625 0.675 -0.01)
(-0.6125 0.675 -0.01)
(-0.6 0.675 -0.01)
(0.6 0.675 -0.01)
(0.6125 0.675 -0.01)
(0.625 0.675 -0.01)
(0.6375 0.675 -0.01)
(-0.6375 0.6875 -0.01)
(-0.625 0.6875 -0.01)
(-0.6125 0.6875 -0.01)
(-0.6 0.6875 -0.01)
(0.6 0.6875 -0.01)
(0.6125 0.6875 -0.01)
(0.625 0.6875 -0.01)
(0.6375 0.6875 -0.01)
(-0.6375 0.7 -0.01)
(-0.625 0.7 -0.01)
(-0.6125 0.7 -0.01)
(-0.6 0.7 -0.01)
(0.6 0.7 -0.01)
(0.6125 0.7 -0.01)
(0.625 0.7 -0.01)
(0.6375 0.7 -0.01)
(-0.6375 0.7125 -0.01)
(-0.625 0.7125 -0.01)
(-0.6125 0.7125 -0.01)
(-0.6 0.7125 -0.01)
(0.6 0.7125 -0.01)
(0.6125 0.7125 -0.01)
(0.625 0.7125 -0.01)
(0.6375 0.7125 -0.01)
(-0.6375 0.725 -0.01)
(-0.625 0.725 -0.01)
(-0.6125 0.725 -0.01)
(-0.6 0.725 -0.01)
(-0.5875 0.725 -0.01)
(-0.575 0.725 -0.01)
(-0.5625 0.725 -0.01)
(-0.55 0.725 -0.01)
(-0.5375 0.725 -0.01)
(-0.525 0.725 -0.01)
(-0.5125 0.725 -0.01)
(-0.5 0.725 -0.01)
(-0.4875 0.725 -0.01)
(-0.475 0.725 -0.01)
(-0.4625 0.725 -0.01)
(-0.45 0.725 -0.01)
(-0.4375 0.725 -0.01)
(-0.425 0.725 -0.01)
(-0.4125 0.725 -0.01)
(-0.4 0.725 -0.01)
(-0.3875 0.725 -0.01)
(-0.375 0.725 -0.01)
(-0.3625 0.725 -0.01)
(-0.35 0.725 -0.01)
(-0.3375 0.725 -0.01)
(-0.325 0.725 -0.01)
(-0.3125 0.725 -0.01)
(-0.3 0.725 -0.01)
(-0.2875 0.725 -0.01)
(-0.275 0.725 -0.01)
(-0.2625 0.725 -0.01)
(-0.25 0.725 -0.01)
(-0.2375 0.725 -0.01)
(-0.225 0.725 -0.01)
(-0.2125 0.725 -0.01)
(-0.2 0.725 -0.01)
(-0.1875 0.725 -0.01)
(-0.175 0.725 -0.01)
(-0.1625 0.725 -0.01)
(-0.15 0.725 -0.01)
(-0.1375 0.725 -0.01)
(-0.125 0.725 -0.01)
(-0.1125 0.725 -0.01)
(-0.1 0.725 -0.01)
(-0.0875 0.725 -0.01)
(-0.075 0.725 -0.01)
(-0.0625 0.725 -0.01)
(-0.05 0.725 -0.01)
(-0.0375 0.725 -0.01)
(-0.025 0.725 -0.01)
(-0.0125 0.725 -0.01)
(0 0.725 -0.01)
(0.0125 0.725 -0.01)
(0.025 0.725 -0.01)
(0.0375 0.725 -0.01)
(0.05 0.725 -0.01)
(0.0625 0.725 -0.01)
(0.075 0.725 -0.01)
(0.0875 0.725 -0.01)
(0.1 0.725 -0.01)
(0.1125 0.725 -0.01)
(0.125 0.725 -0.01)
(0.1375 0.725 -0.01)
(0.15 0.725 -0.01)
(0.1625 0.725 -0.01)
(0.175 0.725 -0.01)
(0.1875 0.725 -0.01)
(0.2 0.725 -0.01)
(0.2125 0.725 -0.01)
(0.225 0.725 -0.01)
(0.2375 0.725 -0.01)
(0.25 0.725 -0.01)
(0.2625 0.725 -0.01)
(0.275 0.725 -0.01)
(0.2875 0.725 -0.01)
(0.3 0.725 -0.01)
(0.3125 0.725 -0.01)
(0.325 0.725 -0.01)
(0.3375 0.725 -0.01)
(0.35 0.725 -0.01)
(0.3625 0.725 -0.01)
(0.375 0.725 -0.01)
(0.3875 0.725 -0.01)
(0.4 0.725 -0.01)
(0.4125 0.725 -0.01)
(0.425 0.725 -0.01)
(0.4375 0.725 -0.01)
(0.45 0.725 -0.01)
(0.4625 0.725 -0.01)
(0.475 0.725 -0.01)
(0.4875 0.725 -0.01)
(0.5 0.725 -0.01)
(0.5125 0.725 -0.01)
(0.525 0.725 -0.01)
(0.5375 0.725 -0.01)
(0.55 0.725 -0.01)
(0.5625 0.725 -0.01)
(0.575 0.725 -0.01)
(0.5875 0.725 -0.01)
(0.6 0.725 -0.01)
(0.6125 0.725 -0.01)
(0.625 0.725 -0.01)
(0.6375 0.725 -0.01)
(-0.6375 0.7375 -0.01)
(-0.625 0.7375 -0.01)
(-0.6125 0.7375 -0.01)
(-0.6 0.7375 -0.01)
(-0.5875 0.7375 -0.01)
(-0.575 0.7375 -0.01)
(-0.5625 0.7375 -0.01)
(-0.55 0.7375 -0.01)
(-0.5375 0.7375 -0.01)
(-0.525 0.7375 -0.01)
(-0.5125 0.7375 -0.01)
(-0.5 0.7375 -0.01)
(-0.4875 0.7375 -0.01)
(-0.475 0.7375 -0.01)
(-0.4625 0.7375 -0.01)
(-0.45 0.7375 -0.01)
(-0.4375 0.7375 -0.01)
(-0.425 0.7375 -0.01)
(-0.4125 0.7375 -0.01)
(-0.4 0.7375 -0.01)
(-0.3875 0.7375 -0.01)
(-0.375 0.7375 -0.01)
(-0.3625 0.7375 -0.01)
(-0.35 0.7375 -0.01)
(-0.3375 0.7375 -0.01)
(-0.325 0.7375 -0.01)
(-0.3125 0.7375 -0.01)
(-0.3 0.7375 -0.01)
(-0.2875 0.7375 -0.01)
(-0.275 0.7375 -0.01)
(-0.2625 0.7375 -0.01)
(-0.25 0.7375 -0.01)
(-0.2375 0.7375 -0.01)
(-0.225 0.7375 -0.01)
(-0.2125 0.7375 -0.01)
(-0.2 0.7375 -0.01)
(-0.1875 0.7375 -0.01)
(-0.175 0.7375 -0.01)
(-0.1625 0.7375 -0.01)
(-0.15 0.7375 -0.01)
(-0.1375 0.7375 -0.01)
(-0.125 0.7375 -0.01)
(-0.1125 0.7375 -0.01)
(-0.1 0.7375 -0.01)
(-0.0875 0.7375 -0.01)
(-0.075 0.7375 -0.01)
(-0.0625 0.7375 -0.01)
(-0.05 0.7375 -0.01)
(-0.0375 0.7375 -0.01)
(-0.025 0.7375 -0.01)
(-0.0125 0.7375 -0.01)
(0 0.7375 -0.01)
(0.0125 0.7375 -0.01)
(0.025 0.7375 -0.01)
(0.0375 0.7375 -0.01)
(0.05 0.7375 -0.01)
(0.0625 0.7375 -0.01)
(0.075 0.7375 -0.01)
(0.0875 0.7375 -0.01)
(0.1 0.7375 -0.01)
(0.1125 0.7375 -0.01)
(0.125 0.7375 -0.01)
(0.1375 0.7375 -0.01)
(0.15 0.7375 -0.01)
(0.1625 0.7375 -0.01)
(0.175 0.7375 -0.01)
(0.1875 0.7375 -0.01)
(0.2 0.7375 -0.01)
(0.2125 0.7375 -0.01)
(0.225 0.7375 -0.01)
(0.2375 0.7375 -0.01)
(0.25 0.7375 -0.01)
(0.2625 0.7375 -0.01)
(0.275 0.7375 -0.01)
(0.2875 0.7375 -0.01)
(0.3 0.7375 -0.01)
(0.3125 0.7375 -0.01)
(0.325 0.7375 -0.01)
(0.3375 0.7375 -0.01)
(0.35 0.7375 -0.01)
(0.3625 0.7375 -0.01)
(0.375 0.7375 -0.01)
(0.3875 0.7375 -0.01)
(0.4 0.7375 -0.01)
(0.4125 0.7375 -0.01)
(0.425 0.7375 -0.01)
(0.4375 0.7375 -0.01)
(0.45 0.7375 -0.01)
(0.4625 0.7375 -0.01)
(0.475 0.7375 -0.01)
(0.4875 0.7375 -0.01)
(0.5 0.7375 -0.01)
(0.5125 0.7375 -0.01)
(0.525 0.7375 -0.01)
(0.5375 0.7375 -0.01)
(0.55 0.7375 -0.01)
(0.5625 0.7375 -0.01)
(0.575 0.7375 -0.01)
(0.5875 0.7375 -0.01)
(0.6 0.7375 -0.01)
(0.6125 0.7375 -0.01)
(0.625 0.7375 -0.01)
(0.6375 0.7375 -0.01)
(-0.6375 0.75 -0.01)
(-0.625 0.75 -0.01)
(-0.6125 0.75 -0.01)
(-0.6 0.75 -0.01)
(-0.5875 0.75 -0.01)
(-0.575 0.75 -0.01)
(-0.5625 0.75 -0.01)
(-0.55 0.75 -0.01)
(-0.5375 0.75 -0.01)
(-0.525 0.75 -0.01)
(-0.5125 0.75 -0.01)
(-0.5 0.75 -0.01)
(-0.4875 0.75 -0.01)
(-0.475 0.75 -0.01)
(-0.4625 0.75 -0.01)
(-0.45 0.75 -0.01)
(-0.4375 0.75 -0.01)
(-0.425 0.75 -0.01)
(-0.4125 0.75 -0.01)
(-0.4 0.75 -0.01)
(-0.3875 0.75 -0.01)
(-0.375 0.75 -0.01)
(-0.3625 0.75 -0.01)
(-0.35 0.75 -0.01)
(-0.3375 0.75 -0.01)
(-0.325 0.75 -0.01)
(-0.3125 0.75 -0.01)
(-0.3 0.75 -0.01)
(-0.2875 0.75 -0.01)
(-0.275 0.75 -0.01)
(-0.2625 0.75 -0.01)
(-0.25 0.75 -0.01)
(-0.2375 0.75 -0.01)
(-0.225 0.75 -0.01)
(-0.2125 0.75 -0.01)
(-0.2 0.75 -0.01)
(-0.1875 0.75 -0.01)
(-0.175 0.75 -0.01)
(-0.1625 0.75 -0.01)
(-0.15 0.75 -0.01)
(-0.1375 0.75 -0.01)
(-0.125 0.75 -0.01)
(-0.1125 0.75 -0.01)
(-0.1 0.75 -0.01)
(-0.0875 0.75 -0.01)
(-0.075 0.75 -0.01)
(-0.0625 0.75 -0.01)
(-0.05 0.75 -0.01)
(-0.0375 0.75 -0.01)
(-0.025 0.75 -0.01)
(-0.0125 0.75 -0.01)
(0 0.75 -0.01)
(0.0125 0.75 -0.01)
(0.025 0.75 -0.01)
(0.0375 0.75 -0.01)
(0.05 0.75 -0.01)
(0.0625 0.75 -0.01)
(0.075 0.75 -0.01)
(0.0875 0.75 -0.01)
(0.1 0.75 -0.01)
(0.1125 0.75 -0.01)
(0.125 0.75 -0.01)
(0.1375 0.75 -0.01)
(0.15 0.75 -0.01)
(0.1625 0.75 -0.01)
(0.175 0.75 -0.01)
(0.1875 0.75 -0.01)
(0.2 0.75 -0.01)
(0.2125 0.75 -0.01)
(0.225 0.75 -0.01)
(0.2375 0.75 -0.01)
(0.25 0.75 -0.01)
(0.2625 0.75 -0.01)
(0.275 0.75 -0.01)
(0.2875 0.75 -0.01)
(0.3 0.75 -0.01)
(0.3125 0.75 -0.01)
(0.325 0.75 -0.01)
(0.3375 0.75 -0.01)
(0.35 0.75 -0.01)
(0.3625 0.75 -0.01)
(0.375 0.75 -0.01)
(0.3875 0.75 -0.01)
(0.4 0.75 -0.01)
(0.4125 0.75 -0.01)
(0.425 0.75 -0.01)
(0.4375 0.75 -0.01)
(0.45 0.75 -0.01)
(0.4625 0.75 -0.01)
(0.475 0.75 -0.01)
(0.4875 0.75 -0.01)
(0.5 0.75 -0.01)
(0.5125 0.75 -0.01)
(0.525 0.75 -0.01)
(0.5375 0.75 -0.01)
(0.55 0.75 -0.01)
(0.5625 0.75 -0.01)
(0.575 0.75 -0.01)
(0.5875 0.75 -0.01)
(0.6 0.75 -0.01)
(0.6125 0.75 -0.01)
(0.625 0.75 -0.01)
(0.6375 0.75 -0.01)
(-0.6375 0.7625 -0.01)
(-0.625 0.7625 -0.01)
(-0.6125 0.7625 -0.01)
(-0.6 0.7625 -0.01)
(-0.5875 0.7625 -0.01)
(-0.575 0.7625 -0.01)
(-0.5625 0.7625 -0.01)
(-0.55 0.7625 -0.01)
(-0.5375 0.7625 -0.01)
(-0.525 0.7625 -0.01)
(-0.5125 0.7625 -0.01)
(-0.5 0.7625 -0.01)
(-0.4875 0.7625 -0.01)
(-0.475 0.7625 -0.01)
(-0.4625 0.7625 -0.01)
(-0.45 0.7625 -0.01)
(-0.4375 0.7625 -0.01)
(-0.425 0.7625 -0.01)
(-0.4125 0.7625 -0.01)
(-0.4 0.7625 -0.01)
(-0.3875 0.7625 -0.01)
(-0.375 0.7625 -0.01)
(-0.3625 0.7625 -0.01)
(-0.35 0.7625 -0.01)
(-0.3375 0.7625 -0.01)
(-0.325 0.7625 -0.01)
(-0.3125 0.7625 -0.01)
(-0.3 0.7625 -0.01)
(-0.2875 0.7625 -0.01)
(-0.275 0.7625 -0.01)
(-0.2625 0.7625 -0.01)
(-0.25 0.7625 -0.01)
(-0.2375 0.7625 -0.01)
(-0.225 0.7625 -0.01)
(-0.2125 0.7625 -0.01)
(-0.2 0.7625 -0.01)
(-0.1875 0.7625 -0.01)
(-0.175 0.7625 -0.01)
(-0.1625 0.7625 -0.01)
(-0.15 0.7625 -0.01)
(-0.1375 0.7625 -0.01)
(-0.125 0.7625 -0.01)
(-0.1125 0.7625 -0.01)
(-0.1 0.7625 -0.01)
(-0.0875 0.7625 -0.01)
(-0.075 0.7625 -0.01)
(-0.0625 0.7625 -0.01)
(-0.05 0.7625 -0.01)
(-0.0375 0.7625 -0.01)
(-0.025 0.7625 -0.01)
(-0.0125 0.7625 -0.01)
(0 0.7625 -0.01)
(0.0125 0.7625 -0.01)
(0.025 0.7625 -0.01)
(0.0375 0.7625 -0.01)
(0.05 0.7625 -0.01)
(0.0625 0.7625 -0.01)
(0.075 0.7625 -0.01)
(0.0875 0.7625 -0.01)
(0.1 0.7625 -0.01)
(0.1125 0.7625 -0.01)
(0.125 0.7625 -0.01)
(0.1375 0.7625 -0.01)
(0.15 0.7625 -0.01)
(0.1625 0.7625 -0.01)
(0.175 0.7625 -0.01)
(0.1875 0.7625 -0.01)
(0.2 0.7625 -0.01)
(0.2125 0.7625 -0.01)
(0.225 0.7625 -0.01)
(0.2375 0.7625 -0.01)
(0.25 0.7625 -0.01)
(0.2625 0.7625 -0.01)
(0.275 0.7625 -0.01)
(0.2875 0.7625 -0.01)
(0.3 0.7625 -0.01)
(0.3125 0.7625 -0.01)
(0.325 0.7625 -0.01)
(0.3375 0.7625 -0.01)
(0.35 0.7625 -0.01)
(0.3625 0.7625 -0.01)
(0.375 0.7625 -0.01)
(0.3875 0.7625 -0.01)
(0.4 0.7625 -0.01)
(0.4125 0.7625 -0.01)
(0.425 0.7625 -0.01)
(0.4375 0.7625 -0.01)
(0.45 0.7625 -0.01)
(0.4625 0.7625 -0.01)
(0.475 0.7625 -0.01)
(0.4875 0.7625 -0.01)
(0.5 0.7625 -0.01)
(0.5125 0.7625 -0.01)
(0.525 0.7625 -0.01)
(0.5375 0.7625 -0.01)
(0.55 0.7625 -0.01)
(0.5625 0.7625 -0.01)
(0.575 0.7625 -0.01)
(0.5875 0.7625 -0.01)
(0.6 0.7625 -0.01)
(0.6125 0.7625 -0.01)
(0.625 0.7625 -0.01)
(0.6375 0.7625 -0.01)
(-0.6375 -1.6375 0.01)
(-0.625 -1.6375 0.01)
(-0.6125 -1.6375 0.01)
(-0.6 -1.6375 0.01)
(-0.5875 -1.6375 0.01)
(-0.575 -1.6375 0.01)
(-0.5625 -1.6375 0.01)
(-0.55 -1.6375 0.01)
(-0.5375 -1.6375 0.01)
(-0.525 -1.6375 0.01)
(-0.5125 -1.6375 0.01)
(-0.5 -1.6375 0.01)
(-0.4875 -1.6375 0.01)
(-0.475 -1.6375 0.01)
(-0.4625 -1.6375 0.01)
(-0.45 -1.6375 0.01)
(-0.4375 -1.6375 0.01)
(-0.425 -1.6375 0.01)
(-0.4125 -1.6375 0.01)
(-0.4 -1.6375 0.01)
(-0.3875 -1.6375 0.01)
(-0.375 -1.6375 0.01)
(-0.3625 -1.6375 0.01)
(-0.35 -1.6375 0.01)
(-0.3375 -1.6375 0.01)
(-0.325 -1.6375 0.01)
(-0.3125 -1.6375 0.01)
(-0.3 -1.6375 0.01)
(-0.2875 -1.6375 0.01)
(-0.275 -1.6375 0.01)
(-0.2625 -1.6375 0.01)
(-0.25 -1.6375 0.01)
(-0.2375 -1.6375 0.01)
(-0.225 -1.6375 0.01)
(-0.2125 -1.6375 0.01)
(-0.2 -1.6375 0.01)
(-0.1875 -1.6375 0.01)
(-0.175 -1.6375 0.01)
(-0.1625 -1.6375 0.01)
(-0.15 -1.6375 0.01)
(-0.1375 -1.6375 0.01)
(-0.125 -1.6375 0.01)
(-0.1125 -1.6375 0.01)
(-0.1 -1.6375 0.01)
(-0.0875 -1.6375 0.01)
(-0.075 -1.6375 0.01)
(-0.0625 -1.6375 0.01)
(-0.05 -1.6375 0.01)
(-0.0375 -1.6375 0.01)
(-0.025 -1.6375 0.01)
(-0.0125 -1.6375 0.01)
(0 -1.6375 0.01)
(0.0125 -1.6375 0.01)
(0.025 -1.6375 0.01)
(0.0375 -1.6375 0.01)
(0.05 -1.6375 0.01)
(0.0625 -1.6375 0.01)
(0.075 -1.6375 0.01)
(0.0875 -1.6375 0.01)
(0.1 -1.6375 0.01)
(0.1125 -1.6375 0.01)
(0.125 -1.6375 0.01)
(0.1375 -1.6375 0.01)
(0.15 -1.6375 0.01)
(0.1625 -1.6375 0.01)
(0.175 -1.6375 0.01)
(0.1875 -1.6375 0.01)
(0.2 -1.6375 0.01)
(0.2125 -1.6375 0.01)
(0.225 -1.6375 0.01)
(0.2375 -1.6375 0.01)
(0.25 -1.6375 0.01)
(0.2625 -1.6375 0.01)
(0.275 -1.6375 0.01)
(0.2875 -1.6375 0.01)
(0.3 -1.6375 0.01)
(0.3125 -1.6375 0.01)
(0.325 -1.6375 0.01)
(0.3375 -1.6375 0.01)
(0.35 -1.6375 0.01)
(0.3625 -1.6375 0.01)
(0.375 -1.6375 0.01)
(0.3875 -1.6375 0.01)
(0.4 -1.6375 0.01)
(0.4125 -1.6375 0.01)
(0.425 -1.6375 0.01)
(0.4375 -1.6375 0.01)
(0.45 -1.6375 0.01)
(0.4625 -1.6375 0.01)
(0.475 -1.6375 0.01)
(0.4875 -1.6375 0.01)
(0.5 -1.6375 0.01)
(0.5125 -1.6375 0.01)
(0.525 -1.6375 0.01)
(0.5375 -1.6375 0.01)
(0.55 -1.6375 0.01)
(0.5625 -1.6375 0.01)
(0.575 -1.6375 0.01)
(0.5875 -1.6375 0.01)
(0.6 -1.6375 0.01)
(0.6125 -1.6375 0.01)
(0.625 -1.6375 0.01)
(0.6375 -1.6375 0.01)
(-0.6375 -1.625 0.01)
(-0.625 -1.625 0.01)
(-0.6125 -1.625 0.01)
(-0.6 -1.625 0.01)
(-0.5875 -1.625 0.01)
(-0.575 -1.625 0.01)
(-0.5625 -1.625 0.01)
(-0.55 -1.625 0.01)
(-0.5375 -1.625 0.01)
(-0.525 -1.625 0.01)
(-0.5125 -1.625 0.01)
(-0.5 -1.625 0.01)
(-0.4875 -1.625 0.01)
(-0.475 -1.625 0.01)
(-0.4625 -1.625 0.01)
(-0.45 -1.625 0.01)
(-0.4375 -1.625 0.01)
(-0.425 -1.625 0.01)
(-0.4125 -1.625 0.01)
(-0.4 -1.625 0.01)
(-0.3875 -1.625 0.01)
(-0.375 -1.625 0.01)
(-0.3625 -1.625 0.01)
(-0.35 -1.625 0.01)
(-0.3375 -1.625 0.01)
(-0.325 -1.625 0.01)
(-0.3125 -1.625 0.01)
(-0.3 -1.625 0.01)
(-0.2875 -1.625 0.01)
(-0.275 -1.625 0.01)
(-0.2625 -1.625 0.01)
(-0.25 -1.625 0.01)
(-0.2375 -1.625 0.01)
(-0.225 -1.625 0.01)
(-0.2125 -1.625 0.01)
(-0.2 -1.625 0.01)
(-0.1875 -1.625 0.01)
(-0.175 -1.625 0.01)
(-0.1625 -1.625 0.01)
(-0.15 -1.625 0.01)
(-0.1375 -1.625 0.01)
(-0.125 -1.625 0.01)
(-0.1125 -1.625 0.01)
(-0.1 -1.625 0.01)
(-0.0875 -1.625 0.01)
(-0.075 -1.625 0.01)
(-0.0625 -1.625 0.01)
(-0.05 -1.625 0.01)
(-0.0375 -1.625 0.01)
(-0.025 -1.625 0.01)
(-0.0125 -1.625 0.01)
(0 -1.625 0.01)
(0.0125 -1.625 0.01)
(0.025 -1.625 0.01)
(0.0375 -1.625 0.01)
(0.05 -1.625 0.01)
(0.0625 -1.625 0.01)
(0.075 -1.625 0.01)
(0.0875 -1.625 0.01)
(0.1 -1.625 0.01)
(0.1125 -1.625 0.01)
(0.125 -1.625 0.01)
(0.1375 -1.625 0.01)
(0.15 -1.625 0.01)
(0.1625 -1.625 0.01)
(0.175 -1.625 0.01)
(0.1875 -1.625 0.01)
(0.2 -1.625 0.01)
(0.2125 -1.625 0.01)
(0.225 -1.625 0.01)
(0.2375 -1.625 0.01)
(0.25 -1.625 0.01)
(0.2625 -1.625 0.01)
(0.275 -1.625 0.01)
(0.2875 -1.625 0.01)
(0.3 -1.625 0.01)
(0.3125 -1.625 0.01)
(0.325 -1.625 0.01)
(0.3375 -1.625 0.01)
(0.35 -1.625 0.01)
(0.3625 -1.625 0.01)
(0.375 -1.625 0.01)
(0.3875 -1.625 0.01)
(0.4 -1.625 0.01)
(0.4125 -1.625 0.01)
(0.425 -1.625 0.01)
(0.4375 -1.625 0.01)
(0.45 -1.625 0.01)
(0.4625 -1.625 0.01)
(0.475 -1.625 0.01)
(0.4875 -1.625 0.01)
(0.5 -1.625 0.01)
(0.5125 -1.625 0.01)
(0.525 -1.625 0.01)
(0.5375 -1.625 0.01)
(0.55 -1.625 0.01)
(0.5625 -1.625 0.01)
(0.575 -1.625 0.01)
(0.5875 -1.625 0.01)
(0.6 -1.625 0.01)
(0.6125 -1.625 0.01)
(0.625 -1.625 0.01)
(0.6375 -1.625 0.01)
(-0.6375 -1.6125 0.01)
(-0.625 -1.6125 0.01)
(-0.6125 -1.6125 0.01)
(-0.6 -1.6125 0.01)
(-0.5875 -1.6125 0.01)
(-0.575 -1.6125 0.01)
(-0.5625 -1.6125 0.01)
(-0.55 -1.6125 0.01)
(-0.5375 -1.6125 0.01)
(-0.525 -1.6125 0.01)
(-0.5125 -1.6125 0.01)
(-0.5 -1.6125 0.01)
(-0.4875 -1.6125 0.01)
(-0.475 -1.6125 0.01)
(-0.4625 -1.6125 0.01)
(-0.45 -1.6125 0.01)
(-0.4375 -1.6125 0.01)
(-0.425 -1.6125 0.01)
(-0.4125 -1.6125 0.01)
(-0.4 -1.6125 0.01)
(-0.3875 -1.6125 0.01)
(-0.375 -1.6125 0.01)
(-0.3625 -1.6125 0.01)
(-0.35 -1.6125 0.01)
(-0.3375 -1.6125 0.01)
(-0.325 -1.6125 0.01)
(-0.3125 -1.6125 0.01)
(-0.3 -1.6125 0.01)
(-0.2875 -1.6125 0.01)
(-0.275 -1.6125 0.01)
(-0.2625 -1.6125 0.01)
(-0.25 -1.6125 0.01)
(-0.2375 -1.6125 0.01)
(-0.225 -1.6125 0.01)
(-0.2125 -1.6125 0.01)
(-0.2 -1.6125 0.01)
(-0.1875 -1.6125 0.01)
(-0.175 -1.6125 0.01)
(-0.1625 -1.6125 0.01)
(-0.15 -1.6125 0.01)
(-0.1375 -1.6125 0.01)
(-0.125 -1.6125 0.01)
(-0.1125 -1.6125 0.01)
(-0.1 -1.6125 0.01)
(-0.0875 -1.6125 0.01)
(-0.075 -1.6125 0.01)
(-0.0625 -1.6125 0.01)
(-0.05 -1.6125 0.01)
(-0.0375 -1.6125 0.01)
(-0.025 -1.6125 0.01)
(-0.0125 -1.6125 0.01)
(0 -1.6125 0.01)
(0.0125 -1.6125 0.01)
(0.025 -1.6125 0.01)
(0.0375 -1.6125 0.01)
(0.05 -1.6125 0.01)
(0.0625 -1.6125 0.01)
(0.075 -1.6125 0.01)
(0.0875 -1.6125 0.01)
(0.1 -1.6125 0.01)
(0.1125 -1.6125 0.01)
(0.125 -1.6125 0.01)
(0.1375 -1.6125 0.01)
(0.15 -1.6125 0.01)
(0.1625 -1.6125 0.01)
(0.175 -1.6125 0.01)
(0.1875 -1.6125 0.01)
(0.2 -1.6125 0.01)
(0.2125 -1.6125 0.01)
(0.225 -1.6125 0.01)
(0.2375 -1.6125 0.01)
(0.25 -1.6125 0.01)
(0.2625 -1.6125 0.01)
(0.275 -1.6125 0.01)
(0.2875 -1.6125 0.01)
(0.3 -1.6125 0.01)
(0.3125 -1.6125 0.01)
(0.325 -1.6125 0.01)
(0.3375 -1.6125 0.01)
(0.35 -1.6125 0.01)
(0.3625 -1.6125 0.01)
(0.375 -1.6125 0.01)
(0.3875 -1.6125 0.01)
(0.4 -1.6125 0.01)
(0.4125 -1.6125 0.01)
(0.425 -1.6125 0.01)
(0.4375 -1.6125 0.01)
(0.45 -1.6125 0.01)
(0.4625 -1.6125 0.01)
(0.475 -1.6125 0.01)
(0.4875 -1.6125 0.01)
(0.5 -1.6125 0.01)
(0.5125 -1.6125 0.01)
(0.525 -1.6125 0.01)
(0.5375 -1.6125 0.01)
(0.55 -1.6125 0.01)
(0.5625 -1.6125 0.01)
(0.575 -1.6125 0.01)
(0.5875 -1.6125 0.01)
(0.6 -1.6125 0.01)
(0.6125 -1.6125 0.01)
(0.625 -1.6125 0.01)
(0.6375 -1.6125 0.01)
(-0.6375 -1.6 0.01)
(-0.625 -1.6 0.01)
(-0.6125 -1.6 0.01)
(-0.6 -1.6 0.01)
(-0.5875 -1.6 0.01)
(-0.575 -1.6 0.01)
(-0.5625 -1.6 0.01)
(-0.55 -1.6 0.01)
(-0.5375 -1.6 0.01)
(-0.525 -1.6 0.01)
(-0.5125 -1.6 0.01)
(-0.5 -1.6 0.01)
(-0.4875 -1.6 0.01)
(-0.475 -1.6 0.01)
(-0.4625 -1.6 0.01)
(-0.45 -1.6 0.01)
(-0.4375 -1.6 0.01)
(-0.425 -1.6 0.01)
(-0.4125 -1.6 0.01)
(-0.4 -1.6 0.01)
(-0.3875 -1.6 0.01)
(-0.375 -1.6 0.01)
(-0.3625 -1.6 0.01)
(-0.35 -1.6 0.01)
(-0.3375 -1.6 0.01)
(-0.325 -1.6 0.01)
(-0.3125 -1.6 0.01)
(-0.3 -1.6 0.01)
(-0.2875 -1.6 0.01)
(-0.275 -1.6 0.01)
(-0.2625 -1.6 0.01)
(-0.25 -1.6 0.01)
(-0.2375 -1.6 0.01)
(-0.225 -1.6 0.01)
(-0.2125 -1.6 0.01)
(-0.2 -1.6 0.01)
(-0.1875 -1.6 0.01)
(-0.175 -1.6 0.01)
(-0.1625 -1.6 0.01)
(-0.15 -1.6 0.01)
(-0.1375 -1.6 0.01)
(-0.125 -1.6 0.01)
(-0.1125 -1.6 0.01)
(-0.1 -1.6 0.01)
(-0.0875 -1.6 0.01)
(-0.075 -1.6 0.01)
(-0.0625 -1.6 0.01)
(-0.05 -1.6 0.01)
(-0.0375 -1.6 0.01)
(-0.025 -1.6 0.01)
(-0.0125 -1.6 0.01)
(0 -1.6 0.01)
(0.0125 -1.6 0.01)
(0.025 -1.6 0.01)
(0.0375 -1.6 0.01)
(0.05 -1.6 0.01)
(0.0625 -1.6 0.01)
(0.075 -1.6 0.01)
(0.0875 -1.6 0.01)
(0.1 -1.6 0.01)
(0.1125 -1.6 0.01)
(0.125 -1.6 0.01)
(0.1375 -1.6 0.01)
(0.15 -1.6 0.01)
(0.1625 -1.6 0.01)
(0.175 -1.6 0.01)
(0.1875 -1.6 0.01)
(0.2 -1.6 0.01)
(0.2125 -1.6 0.01)
(0.225 -1.6 0.01)
(0.2375 -1.6 0.01)
(0.25 -1.6 0.01)
(0.2625 -1.6 0.01)
(0.275 -1.6 0.01)
(0.2875 -1.6 0.01)
(0.3 -1.6 0.01)
(0.3125 -1.6 0.01)
(0.325 -1.6 0.01)
(0.3375 -1.6 0.01)
(0.35 -1.6 0.01)
(0.3625 -1.6 0.01)
(0.375 -1.6 0.01)
(0.3875 -1.6 0.01)
(0.4 -1.6 0.01)
(0.4125 -1.6 0.01)
(0.425 -1.6 0.01)
(0.4375 -1.6 0.01)
(0.45 -1.6 0.01)
(0.4625 -1.6 0.01)
(0.475 -1.6 0.01)
(0.4875 -1.6 0.01)
(0.5 -1.6 0.01)
(0.5125 -1.6 0.01)
(0.525 -1.6 0.01)
(0.5375 -1.6 0.01)
(0.55 -1.6 0.01)
(0.5625 -1.6 0.01)
(0.575 -1.6 0.01)
(0.5875 -1.6 0.01)
(0.6 -1.6 0.01)
(0.6125 -1.6 0.01)
(0.625 -1.6 0.01)
(0.6375 -1.6 0.01)
(-0.6375 -1.5875 0.01)
(-0.625 -1.5875 0.01)
(-0.6125 -1.5875 0.01)
(-0.6 -1.5875 0.01)
(0.6 -1.5875 0.01)
(0.6125 -1.5875 0.01)
(0.625 -1.5875 0.01)
(0.6375 -1.5875 0.01)
(-0.6375 -1.575 0.01)
(-0.625 -1.575 0.01)
(-0.6125 -1.575 0.01)
(-0.6 -1.575 0.01)
(0.6 -1.575 0.01)
(0.6125 -1.575 0.01)
(0.625 -1.575 0.01)
(0.6375 -1.575 0.01)
(-0.6375 -1.5625 0.01)
(-0.625 -1.5625 0.01)
(-0.6125 -1.5625 0.01)
(-0.6 -1.5625 0.01)
(0.6 -1.5625 0.01)
(0.6125 -1.5625 0.01)
(0.625 -1.5625 0.01)
(0.6375 -1.5625 0.01)
(-0.6375 -1.55 0.01)
(-0.625 -1.55 0.01)
(-0.6125 -1.55 0.01)
(-0.6 -1.55 0.01)
(0.6 -1.55 0.01)
(0.6125 -1.55 0.01)
(0.625 -1.55 0.01)
(0.6375 -1.55 0.01)
(-0.6375 -1.5375 0.01)
(-0.625 -1.5375 0.01)
(-0.6125 -1.5375 0.01)
(-0.6 -1.5375 0.01)
(0.6 -1.5375 0.01)
(0.6125 -1.5375 0.01)
(0.625 -1.5375 0.01)
(0.6375 -1.5375 0.01)
(-0.6375 -1.525 0.01)
(-0.625 -1.525 0.01)
(-0.6125 -1.525 0.01)
(-0.6 -1.525 0.01)
(0.6 -1.525 0.01)
(0.6125 -1.525 0.01)
(0.625 -1.525 0.01)
(0.6375 -1.525 0.01)
(-0.6375 -1.5125 0.01)
(-0.625 -1.5125 0.01)
(-0.6125 -1.5125 0.01)
(-0.6 -1.5125 0.01)
(0.6 -1.5125 0.01)
(0.6125 -1.5125 0.01)
(0.625 -1.5125 0.01)
(0.6375 -1.5125 0.01)
(-0.6375 -1.5 0.01)
(-0.625 -1.5 0.01)
(-0.6125 -1.5 0.01)
(-0.6 -1.5 0.01)
(0.6 -1.5 0.01)
(0.6125 -1.5 0.01)
(0.625 -1.5 0.01)
(0.6375 -1.5 0.01)
(-0.6375 -1.4875 0.01)
(-0.625 -1.4875 0.01)
(-0.6125 -1.4875 0.01)
(-0.6 -1.4875 0.01)
(0.6 -1.4875 0.01)
(0.6125 -1.4875 0.01)
(0.625 -1.4875 0.01)
(0.6375 -1.4875 0.01)
(-0.6375 -1.475 0.01)
(-0.625 -1.475 0.01)
(-0.6125 -1.475 0.01)
(-0.6 -1.475 0.01)
(0.6 -1.475 0.01)
(0.6125 -1.475 0.01)
(0.625 -1.475 0.01)
(0.6375 -1.475 0.01)
(-0.6375 -1.4625 0.01)
(-0.625 -1.4625 0.01)
(-0.6125 -1.4625 0.01)
(-0.6 -1.4625 0.01)
(0.6 -1.4625 0.01)
(0.6125 -1.4625 0.01)
(0.625 -1.4625 0.01)
(0.6375 -1.4625 0.01)
(-0.6375 -1.45 0.01)
(-0.625 -1.45 0.01)
(-0.6125 -1.45 0.01)
(-0.6 -1.45 0.01)
(0.6 -1.45 0.01)
(0.6125 -1.45 0.01)
(0.625 -1.45 0.01)
(0.6375 -1.45 0.01)
(-0.6375 -1.4375 0.01)
(-0.625 -1.4375 0.01)
(-0.6125 -1.4375 0.01)
(-0.6 -1.4375 0.01)
(0.6 -1.4375 0.01)
(0.6125 -1.4375 0.01)
(0.625 -1.4375 0.01)
(0.6375 -1.4375 0.01)
(-0.6375 -1.425 0.01)
(-0.625 -1.425 0.01)
(-0.6125 -1.425 0.01)
(-0.6 -1.425 0.01)
(0.6 -1.425 0.01)
(0.6125 -1.425 0.01)
(0.625 -1.425 0.01)
(0.6375 -1.425 0.01)
(-0.6375 -1.4125 0.01)
(-0.625 -1.4125 0.01)
(-0.6125 -1.4125 0.01)
(-0.6 -1.4125 0.01)
(0.6 -1.4125 0.01)
(0.6125 -1.4125 0.01)
(0.625 -1.4125 0.01)
(0.6375 -1.4125 0.01)
(-0.6375 -1.4 0.01)
(-0.625 -1.4 0.01)
(-0.6125 -1.4 0.01)
(-0.6 -1.4 0.01)
(0.6 -1.4 0.01)
(0.6125 -1.4 0.01)
(0.625 -1.4 0.01)
(0.6375 -1.4 0.01)
(-0.6375 -1.3875 0.01)
(-0.625 -1.3875 0.01)
(-0.6125 -1.3875 0.01)
(-0.6 -1.3875 0.01)
(0.6 -1.3875 0.01)
(0.6125 -1.3875 0.01)
(0.625 -1.3875 0.01)
(0.6375 -1.3875 0.01)
(-0.6375 -1.375 0.01)
(-0.625 -1.375 0.01)
(-0.6125 -1.375 0.01)
(-0.6 -1.375 0.01)
(0.6 -1.375 0.01)
(0.6125 -1.375 0.01)
(0.625 -1.375 0.01)
(0.6375 -1.375 0.01)
(-0.6375 -1.3625 0.01)
(-0.625 -1.3625 0.01)
(-0.6125 -1.3625 0.01)
(-0.6 -1.3625 0.01)
(0.6 -1.3625 0.01)
(0.6125 -1.3625 0.01)
(0.625 -1.3625 0.01)
(0.6375 -1.3625 0.01)
(-0.6375 -1.35 0.01)
(-0.625 -1.35 0.01)
(-0.6125 -1.35 0.01)
(-0.6 -1.35 0.01)
(0.6 -1.35 0.01)
(0.6125 -1.35 0.01)
(0.625 -1.35 0.01)
(0.6375 -1.35 0.01)
(-0.6375 -1.3375 0.01)
(-0.625 -1.3375 0.01)
(-0.6125 -1.3375 0.01)
(-0.6 -1.3375 0.01)
(0.6 -1.3375 0.01)
(0.6125 -1.3375 0.01)
(0.625 -1.3375 0.01)
(0.6375 -1.3375 0.01)
(-0.6375 -1.325 0.01)
(-0.625 -1.325 0.01)
(-0.6125 -1.325 0.01)
(-0.6 -1.325 0.01)
(0.6 -1.325 0.01)
(0.6125 -1.325 0.01)
(0.625 -1.325 0.01)
(0.6375 -1.325 0.01)
(-0.6375 -1.3125 0.01)
(-0.625 -1.3125 0.01)
(-0.6125 -1.3125 0.01)
(-0.6 -1.3125 0.01)
(0.6 -1.3125 0.01)
(0.6125 -1.3125 0.01)
(0.625 -1.3125 0.01)
(0.6375 -1.3125 0.01)
(-0.6375 -1.3 0.01)
(-0.625 -1.3 0.01)
(-0.6125 -1.3 0.01)
(-0.6 -1.3 0.01)
(0.6 -1.3 0.01)
(0.6125 -1.3 0.01)
(0.625 -1.3 0.01)
(0.6375 -1.3 0.01)
(-0.6375 -1.2875 0.01)
(-0.625 -1.2875 0.01)
(-0.6125 -1.2875 0.01)
(-0.6 -1.2875 0.01)
(0.6 -1.2875 0.01)
(0.6125 -1.2875 0.01)
(0.625 -1.2875 0.01)
(0.6375 -1.2875 0.01)
(-0.6375 -1.275 0.01)
(-0.625 -1.275 0.01)
(-0.6125 -1.275 0.01)
(-0.6 -1.275 0.01)
(0.6 -1.275 0.01)
(0.6125 -1.275 0.01)
(0.625 -1.275 0.01)
(0.6375 -1.275 0.01)
(-0.6375 -1.2625 0.01)
(-0.625 -1.2625 0.01)
(-0.6125 -1.2625 0.01)
(-0.6 -1.2625 0.01)
(0.6 -1.2625 0.01)
(0.6125 -1.2625 0.01)
(0.625 -1.2625 0.01)
(0.6375 -1.2625 0.01)
(-0.6375 -1.25 0.01)
(-0.625 -1.25 0.01)
(-0.6125 -1.25 0.01)
(-0.6 -1.25 0.01)
(0.6 -1.25 0.01)
(0.6125 -1.25 0.01)
(0.625 -1.25 0.01)
(0.6375 -1.25 0.01)
(-0.6375 -1.2375 0.01)
(-0.625 -1.2375 0.01)
(-0.6125 -1.2375 0.01)
(-0.6 -1.2375 0.01)
(0.6 -1.2375 0.01)
(0.6125 -1.2375 0.01)
(0.625 -1.2375 0.01)
(0.6375 -1.2375 0.01)
(-0.6375 -1.225 0.01)
(-0.625 -1.225 0.01)
(-0.6125 -1.225 0.01)
(-0.6 -1.225 0.01)
(0.6 -1.225 0.01)
(0.6125 -1.225 0.01)
(0.625 -1.225 0.01)
(0.6375 -1.225 0.01)
(-0.6375 -1.2125 0.01)
(-0.625 -1.2125 0.01)
(-0.6125 -1.2125 0.01)
(-0.6 -1.2125 0.01)
(0.6 -1.2125 0.01)
(0.6125 -1.2125 0.01)
(0.625 -1.2125 0.01)
(0.6375 -1.2125 0.01)
(-0.6375 -1.2 0.01)
(-0.625 -1.2 0.01)
(-0.6125 -1.2 0.01)
(-0.6 -1.2 0.01)
(0.6 -1.2 0.01)
(0.6125 -1.2 0.01)
(0.625 -1.2 0.01)
(0.6375 -1.2 0.01)
(-0.6375 -1.1875 0.01)
(-0.625 -1.1875 0.01)
(-0.6125 -1.1875 0.01)
(-0.6 -1.1875 0.01)
(0.6 -1.1875 0.01)
(0.6125 -1.1875 0.01)
(0.625 -1.1875 0.01)
(0.6375 -1.1875 0.01)
(-0.6375 -1.175 0.01)
(-0.625 -1.175 0.01)
(-0.6125 -1.175 0.01)
(-0.6 -1.175 0.01)
(0.6 -1.175 0.01)
(0.6125 -1.175 0.01)
(0.625 -1.175 0.01)
(0.6375 -1.175 0.01)
(-0.6375 -1.1625 0.01)
(-0.625 -1.1625 0.01)
(-0.6125 -1.1625 0.01)
(-0.6 -1.1625 0.01)
(0.6 -1.1625 0.01)
(0.6125 -1.1625 0.01)
(0.625 -1.1625 0.01)
(0.6375 -1.1625 0.01)
(-0.6375 -1.15 0.01)
(-0.625 -1.15 0.01)
(-0.6125 -1.15 0.01)
(-0.6 -1.15 0.01)
(0.6 -1.15 0.01)
(0.6125 -1.15 0.01)
(0.625 -1.15 0.01)
(0.6375 -1.15 0.01)
(-0.6375 -1.1375 0.01)
(-0.625 -1.1375 0.01)
(-0.6125 -1.1375 0.01)
(-0.6 -1.1375 0.01)
(0.6 -1.1375 0.01)
(0.6125 -1.1375 0.01)
(0.625 -1.1375 0.01)
(0.6375 -1.1375 0.01)
(-0.6375 -1.125 0.01)
(-0.625 -1.125 0.01)
(-0.6125 -1.125 0.01)
(-0.6 -1.125 0.01)
(0.6 -1.125 0.01)
(0.6125 -1.125 0.01)
(0.625 -1.125 0.01)
(0.6375 -1.125 0.01)
(-0.6375 -1.1125 0.01)
(-0.625 -1.1125 0.01)
(-0.6125 -1.1125 0.01)
(-0.6 -1.1125 0.01)
(0.6 -1.1125 0.01)
(0.6125 -1.1125 0.01)
(0.625 -1.1125 0.01)
(0.6375 -1.1125 0.01)
(-0.6375 -1.1 0.01)
(-0.625 -1.1 0.01)
(-0.6125 -1.1 0.01)
(-0.6 -1.1 0.01)
(0.6 -1.1 0.01)
(0.6125 -1.1 0.01)
(0.625 -1.1 0.01)
(0.6375 -1.1 0.01)
(-0.6375 -1.0875 0.01)
(-0.625 -1.0875 0.01)
(-0.6125 -1.0875 0.01)
(-0.6 -1.0875 0.01)
(0.6 -1.0875 0.01)
(0.6125 -1.0875 0.01)
(0.625 -1.0875 0.01)
(0.6375 -1.0875 0.01)
(-0.6375 -1.075 0.01)
(-0.625 -1.075 0.01)
(-0.6125 -1.075 0.01)
(-0.6 -1.075 0.01)
(0.6 -1.075 0.01)
(0.6125 -1.075 0.01)
(0.625 -1.075 0.01)
(0.6375 -1.075 0.01)
(-0.6375 -1.0625 0.01)
(-0.625 -1.0625 0.01)
(-0.6125 -1.0625 0.01)
(-0.6 -1.0625 0.01)
(0.6 -1.0625 0.01)
(0.6125 -1.0625 0.01)
(0.625 -1.0625 0.01)
(0.6375 -1.0625 0.01)
(-0.6375 -1.05 0.01)
(-0.625 -1.05 0.01)
(-0.6125 -1.05 0.01)
(-0.6 -1.05 0.01)
(0.6 -1.05 0.01)
(0.6125 -1.05 0.01)
(0.625 -1.05 0.01)
(0.6375 -1.05 0.01)
(-0.6375 -1.0375 0.01)
(-0.625 -1.0375 0.01)
(-0.6125 -1.0375 0.01)
(-0.6 -1.0375 0.01)
(0.6 -1.0375 0.01)
(0.6125 -1.0375 0.01)
(0.625 -1.0375 0.01)
(0.6375 -1.0375 0.01)
(-0.6375 -1.025 0.01)
(-0.625 -1.025 0.01)
(-0.6125 -1.025 0.01)
(-0.6 -1.025 0.01)
(0.6 -1.025 0.01)
(0.6125 -1.025 0.01)
(0.625 -1.025 0.01)
(0.6375 -1.025 0.01)
(-0.6375 -1.0125 0.01)
(-0.625 -1.0125 0.01)
(-0.6125 -1.0125 0.01)
(-0.6 -1.0125 0.01)
(0.6 -1.0125 0.01)
(0.6125 -1.0125 0.01)
(0.625 -1.0125 0.01)
(0.6375 -1.0125 0.01)
(-0.6375 -1 0.01)
(-0.625 -1 0.01)
(-0.6125 -1 0.01)
(-0.6 -1 0.01)
(0.6 -1 0.01)
(0.6125 -1 0.01)
(0.625 -1 0.01)
(0.6375 -1 0.01)
(-0.6375 -0.9875 0.01)
(-0.625 -0.9875 0.01)
(-0.6125 -0.9875 0.01)
(-0.6 -0.9875 0.01)
(0.6 -0.9875 0.01)
(0.6125 -0.9875 0.01)
(0.625 -0.9875 0.01)
(0.6375 -0.9875 0.01)
(-0.6375 -0.975 0.01)
(-0.625 -0.975 0.01)
(-0.6125 -0.975 0.01)
(-0.6 -0.975 0.01)
(0.6 -0.975 0.01)
(0.6125 -0.975 0.01)
(0.625 -0.975 0.01)
(0.6375 -0.975 0.01)
(-0.6375 -0.9625 0.01)
(-0.625 -0.9625 0.01)
(-0.6125 -0.9625 0.01)
(-0.6 -0.9625 0.01)
(0.6 -0.9625 0.01)
(0.6125 -0.9625 0.01)
(0.625 -0.9625 0.01)
(0.6375 -0.9625 0.01)
(-0.6375 -0.95 0.01)
(-0.625 -0.95 0.01)
(-0.6125 -0.95 0.01)
(-0.6 -0.95 0.01)
(0.6 -0.95 0.01)
(0.6125 -0.95 0.01)
(0.625 -0.95 0.01)
(0.6375 -0.95 0.01)
(-0.6375 -0.9375 0.01)
(-0.625 -0.9375 0.01)
(-0.6125 -0.9375 0.01)
(-0.6 -0.9375 0.01)
(0.6 -0.9375 0.01)
(0.6125 -0.9375 0.01)
(0.625 -0.9375 0.01)
(0.6375 -0.9375 0.01)
(-0.6375 -0.925 0.01)
(-0.625 -0.925 0.01)
(-0.6125 -0.925 0.01)
(-0.6 -0.925 0.01)
(0.6 -0.925 0.01)
(0.6125 -0.925 0.01)
(0.625 -0.925 0.01)
(0.6375 -0.925 0.01)
(-0.6375 -0.9125 0.01)
(-0.625 -0.9125 0.01)
(-0.6125 -0.9125 0.01)
(-0.6 -0.9125 0.01)
(0.6 -0.9125 0.01)
(0.6125 -0.9125 0.01)
(0.625 -0.9125 0.01)
(0.6375 -0.9125 0.01)
(-0.6375 -0.9 0.01)
(-0.625 -0.9 0.01)
(-0.6125 -0.9 0.01)
(-0.6 -0.9 0.01)
(0.6 -0.9 0.01)
(0.6125 -0.9 0.01)
(0.625 -0.9 0.01)
(0.6375 -0.9 0.01)
(-0.6375 -0.8875 0.01)
(-0.625 -0.8875 0.01)
(-0.6125 -0.8875 0.01)
(-0.6 -0.8875 0.01)
(0.6 -0.8875 0.01)
(0.6125 -0.8875 0.01)
(0.625 -0.8875 0.01)
(0.6375 -0.8875 0.01)
(-0.6375 -0.875 0.01)
(-0.625 -0.875 0.01)
(-0.6125 -0.875 0.01)
(-0.6 -0.875 0.01)
(0.6 -0.875 0.01)
(0.6125 -0.875 0.01)
(0.625 -0.875 0.01)
(0.6375 -0.875 0.01)
(-0.6375 -0.8625 0.01)
(-0.625 -0.8625 0.01)
(-0.6125 -0.8625 0.01)
(-0.6 -0.8625 0.01)
(0.6 -0.8625 0.01)
(0.6125 -0.8625 0.01)
(0.625 -0.8625 0.01)
(0.6375 -0.8625 0.01)
(-0.6375 -0.85 0.01)
(-0.625 -0.85 0.01)
(-0.6125 -0.85 0.01)
(-0.6 -0.85 0.01)
(0.6 -0.85 0.01)
(0.6125 -0.85 0.01)
(0.625 -0.85 0.01)
(0.6375 -0.85 0.01)
(-0.6375 -0.8375 0.01)
(-0.625 -0.8375 0.01)
(-0.6125 -0.8375 0.01)
(-0.6 -0.8375 0.01)
(0.6 -0.8375 0.01)
(0.6125 -0.8375 0.01)
(0.625 -0.8375 0.01)
(0.6375 -0.8375 0.01)
(-0.6375 -0.825 0.01)
(-0.625 -0.825 0.01)
(-0.6125 -0.825 0.01)
(-0.6 -0.825 0.01)
(0.6 -0.825 0.01)
(0.6125 -0.825 0.01)
(0.625 -0.825 0.01)
(0.6375 -0.825 0.01)
(-0.6375 -0.8125 0.01)
(-0.625 -0.8125 0.01)
(-0.6125 -0.8125 0.01)
(-0.6 -0.8125 0.01)
(0.6 -0.8125 0.01)
(0.6125 -0.8125 0.01)
(0.625 -0.8125 0.01)
(0.6375 -0.8125 0.01)
(-0.6375 -0.8 0.01)
(-0.625 -0.8 0.01)
(-0.6125 -0.8 0.01)
(-0.6 -0.8 0.01)
(0.6 -0.8 0.01)
(0.6125 -0.8 0.01)
(0.625 -0.8 0.01)
(0.6375 -0.8 0.01)
(-0.6375 -0.7875 0.01)
(-0.625 -0.7875 0.01)
(-0.6125 -0.7875 0.01)
(-0.6 -0.7875 0.01)
(0.6 -0.7875 0.01)
(0.6125 -0.7875 0.01)
(0.625 -0.7875 0.01)
(0.6375 -0.7875 0.01)
(-0.6375 -0.775 0.01)
(-0.625 -0.775 0.01)
(-0.6125 -0.775 0.01)
(-0.6 -0.775 0.01)
(0.6 -0.775 0.01)
(0.6125 -0.775 0.01)
(0.625 -0.775 0.01)
(0.6375 -0.775 0.01)
(-0.6375 -0.7625 0.01)
(-0.625 -0.7625 0.01)
(-0.6125 -0.7625 0.01)
(-0.6 -0.7625 0.01)
(0.6 -0.7625 0.01)
(0.6125 -0.7625 0.01)
(0.625 -0.7625 0.01)
(0.6375 -0.7625 0.01)
(-0.6375 -0.75 0.01)
(-0.625 -0.75 0.01)
(-0.6125 -0.75 0.01)
(-0.6 -0.75 0.01)
(0.6 -0.75 0.01)
(0.6125 -0.75 0.01)
(0.625 -0.75 0.01)
(0.6375 -0.75 0.01)
(-0.6375 -0.7375 0.01)
(-0.625 -0.7375 0.01)
(-0.6125 -0.7375 0.01)
(-0.6 -0.7375 0.01)
(0.6 -0.7375 0.01)
(0.6125 -0.7375 0.01)
(0.625 -0.7375 0.01)
(0.6375 -0.7375 0.01)
(-0.6375 -0.725 0.01)
(-0.625 -0.725 0.01)
(-0.6125 -0.725 0.01)
(-0.6 -0.725 0.01)
(0.6 -0.725 0.01)
(0.6125 -0.725 0.01)
(0.625 -0.725 0.01)
(0.6375 -0.725 0.01)
(-0.6375 -0.7125 0.01)
(-0.625 -0.7125 0.01)
(-0.6125 -0.7125 0.01)
(-0.6 -0.7125 0.01)
(0.6 -0.7125 0.01)
(0.6125 -0.7125 0.01)
(0.625 -0.7125 0.01)
(0.6375 -0.7125 0.01)
(-0.6375 -0.7 0.01)
(-0.625 -0.7 0.01)
(-0.6125 -0.7 0.01)
(-0.6 -0.7 0.01)
(0.6 -0.7 0.01)
(0.6125 -0.7 0.01)
(0.625 -0.7 0.01)
(0.6375 -0.7 0.01)
(-0.6375 -0.6875 0.01)
(-0.625 -0.6875 0.01)
(-0.6125 -0.6875 0.01)
(-0.6 -0.6875 0.01)
(0.6 -0.6875 0.01)
(0.6125 -0.6875 0.01)
(0.625 -0.6875 0.01)
(0.6375 -0.6875 0.01)
(-0.6375 -0.675 0.01)
(-0.625 -0.675 0.01)
(-0.6125 -0.675 0.01)
(-0.6 -0.675 0.01)
(0.6 -0.675 0.01)
(0.6125 -0.675 0.01)
(0.625 -0.675 0.01)
(0.6375 -0.675 0.01)
(-0.6375 -0.6625 0.01)
(-0.625 -0.6625 0.01)
(-0.6125 -0.6625 0.01)
(-0.6 -0.6625 0.01)
(0.6 -0.6625 0.01)
(0.6125 -0.6625 0.01)
(0.625 -0.6625 0.01)
(0.6375 -0.6625 0.01)
(-0.6375 -0.65 0.01)
(-0.625 -0.65 0.01)
(-0.6125 -0.65 0.01)
(-0.6 -0.65 0.01)
(0.6 -0.65 0.01)
(0.6125 -0.65 0.01)
(0.625 -0.65 0.01)
(0.6375 -0.65 0.01)
(-0.6375 -0.6375 0.01)
(-0.625 -0.6375 0.01)
(-0.6125 -0.6375 0.01)
(-0.6 -0.6375 0.01)
(0.6 -0.6375 0.01)
(0.6125 -0.6375 0.01)
(0.625 -0.6375 0.01)
(0.6375 -0.6375 0.01)
(-0.6375 -0.625 0.01)
(-0.625 -0.625 0.01)
(-0.6125 -0.625 0.01)
(-0.6 -0.625 0.01)
(0.6 -0.625 0.01)
(0.6125 -0.625 0.01)
(0.625 -0.625 0.01)
(0.6375 -0.625 0.01)
(-0.6375 -0.6125 0.01)
(-0.625 -0.6125 0.01)
(-0.6125 -0.6125 0.01)
(-0.6 -0.6125 0.01)
(0.6 -0.6125 0.01)
(0.6125 -0.6125 0.01)
(0.625 -0.6125 0.01)
(0.6375 -0.6125 0.01)
(-0.6375 -0.6 0.01)
(-0.625 -0.6 0.01)
(-0.6125 -0.6 0.01)
(-0.6 -0.6 0.01)
(0.6 -0.6 0.01)
(0.6125 -0.6 0.01)
(0.625 -0.6 0.01)
(0.6375 -0.6 0.01)
(-0.6375 -0.5875 0.01)
(-0.625 -0.5875 0.01)
(-0.6125 -0.5875 0.01)
(-0.6 -0.5875 0.01)
(0.6 -0.5875 0.01)
(0.6125 -0.5875 0.01)
(0.625 -0.5875 0.01)
(0.6375 -0.5875 0.01)
(-0.6375 -0.575 0.01)
(-0.625 -0.575 0.01)
(-0.6125 -0.575 0.01)
(-0.6 -0.575 0.01)
(0.6 -0.575 0.01)
(0.6125 -0.575 0.01)
(0.625 -0.575 0.01)
(0.6375 -0.575 0.01)
(-0.6375 -0.5625 0.01)
(-0.625 -0.5625 0.01)
(-0.6125 -0.5625 0.01)
(-0.6 -0.5625 0.01)
(0.6 -0.5625 0.01)
(0.6125 -0.5625 0.01)
(0.625 -0.5625 0.01)
(0.6375 -0.5625 0.01)
(-0.6375 -0.55 0.01)
(-0.625 -0.55 0.01)
(-0.6125 -0.55 0.01)
(-0.6 -0.55 0.01)
(0.6 -0.55 0.01)
(0.6125 -0.55 0.01)
(0.625 -0.55 0.01)
(0.6375 -0.55 0.01)
(-0.6375 -0.5375 0.01)
(-0.625 -0.5375 0.01)
(-0.6125 -0.5375 0.01)
(-0.6 -0.5375 0.01)
(0.6 -0.5375 0.01)
(0.6125 -0.5375 0.01)
(0.625 -0.5375 0.01)
(0.6375 -0.5375 0.01)
(-0.6375 -0.525 0.01)
(-0.625 -0.525 0.01)
(-0.6125 -0.525 0.01)
(-0.6 -0.525 0.01)
(0.6 -0.525 0.01)
(0.6125 -0.525 0.01)
(0.625 -0.525 0.01)
(0.6375 -0.525 0.01)
(-0.6375 -0.5125 0.01)
(-0.625 -0.5125 0.01)
(-0.6125 -0.5125 0.01)
(-0.6 -0.5125 0.01)
(0.6 -0.5125 0.01)
(0.6125 -0.5125 0.01)
(0.625 -0.5125 0.01)
(0.6375 -0.5125 0.01)
(-0.6375 -0.5 0.01)
(-0.625 -0.5 0.01)
(-0.6125 -0.5 0.01)
(-0.6 -0.5 0.01)
(0.6 -0.5 0.01)
(0.6125 -0.5 0.01)
(0.625 -0.5 0.01)
(0.6375 -0.5 0.01)
(-0.6375 -0.4875 0.01)
(-0.625 -0.4875 0.01)
(-0.6125 -0.4875 0.01)
(-0.6 -0.4875 0.01)
(0.6 -0.4875 0.01)
(0.6125 -0.4875 0.01)
(0.625 -0.4875 0.01)
(0.6375 -0.4875 0.01)
(-0.6375 -0.475 0.01)
(-0.625 -0.475 0.01)
(-0.6125 -0.475 0.01)
(-0.6 -0.475 0.01)
(0.6 -0.475 0.01)
(0.6125 -0.475 0.01)
(0.625 -0.475 0.01)
(0.6375 -0.475 0.01)
(-0.6375 -0.4625 0.01)
(-0.625 -0.4625 0.01)
(-0.6125 -0.4625 0.01)
(-0.6 -0.4625 0.01)
(0.6 -0.4625 0.01)
(0.6125 -0.4625 0.01)
(0.625 -0.4625 0.01)
(0.6375 -0.4625 0.01)
(-0.6375 -0.45 0.01)
(-0.625 -0.45 0.01)
(-0.6125 -0.45 0.01)
(-0.6 -0.45 0.01)
(0.6 -0.45 0.01)
(0.6125 -0.45 0.01)
(0.625 -0.45 0.01)
(0.6375 -0.45 0.01)
(-0.6375 -0.4375 0.01)
(-0.625 -0.4375 0.01)
(-0.6125 -0.4375 0.01)
(-0.6 -0.4375 0.01)
(0.6 -0.4375 0.01)
(0.6125 -0.4375 0.01)
(0.625 -0.4375 0.01)
(0.6375 -0.4375 0.01)
(-0.6375 -0.425 0.01)
(-0.625 -0.425 0.01)
(-0.6125 -0.425 0.01)
(-0.6 -0.425 0.01)
(0.6 -0.425 0.01)
(0.6125 -0.425 0.01)
(0.625 -0.425 0.01)
(0.6375 -0.425 0.01)
(-0.6375 -0.4125 0.01)
(-0.625 -0.4125 0.01)
(-0.6125 -0.4125 0.01)
(-0.6 -0.4125 0.01)
(0.6 -0.4125 0.01)
(0.6125 -0.4125 0.01)
(0.625 -0.4125 0.01)
(0.6375 -0.4125 0.01)
(-0.6375 -0.4 0.01)
(-0.625 -0.4 0.01)
(-0.6125 -0.4 0.01)
(-0.6 -0.4 0.01)
(0.6 -0.4 0.01)
(0.6125 -0.4 0.01)
(0.625 -0.4 0.01)
(0.6375 -0.4 0.01)
(-0.6375 -0.3875 0.01)
(-0.625 -0.3875 0.01)
(-0.6125 -0.3875 0.01)
(-0.6 -0.3875 0.01)
(0.6 -0.3875 0.01)
(0.6125 -0.3875 0.01)
(0.625 -0.3875 0.01)
(0.6375 -0.3875 0.01)
(-0.6375 -0.375 0.01)
(-0.625 -0.375 0.01)
(-0.6125 -0.375 0.01)
(-0.6 -0.375 0.01)
(0.6 -0.375 0.01)
(0.6125 -0.375 0.01)
(0.625 -0.375 0.01)
(0.6375 -0.375 0.01)
(-0.6375 -0.3625 0.01)
(-0.625 -0.3625 0.01)
(-0.6125 -0.3625 0.01)
(-0.6 -0.3625 0.01)
(0.6 -0.3625 0.01)
(0.6125 -0.3625 0.01)
(0.625 -0.3625 0.01)
(0.6375 -0.3625 0.01)
(-0.6375 -0.35 0.01)
(-0.625 -0.35 0.01)
(-0.6125 -0.35 0.01)
(-0.6 -0.35 0.01)
(0.6 -0.35 0.01)
(0.6125 -0.35 0.01)
(0.625 -0.35 0.01)
(0.6375 -0.35 0.01)
(-0.6375 -0.3375 0.01)
(-0.625 -0.3375 0.01)
(-0.6125 -0.3375 0.01)
(-0.6 -0.3375 0.01)
(0.6 -0.3375 0.01)
(0.6125 -0.3375 0.01)
(0.625 -0.3375 0.01)
(0.6375 -0.3375 0.01)
(-0.6375 -0.325 0.01)
(-0.625 -0.325 0.01)
(-0.6125 -0.325 0.01)
(-0.6 -0.325 0.01)
(0.6 -0.325 0.01)
(0.6125 -0.325 0.01)
(0.625 -0.325 0.01)
(0.6375 -0.325 0.01)
(-0.6375 -0.3125 0.01)
(-0.625 -0.3125 0.01)
(-0.6125 -0.3125 0.01)
(-0.6 -0.3125 0.01)
(0.6 -0.3125 0.01)
(0.6125 -0.3125 0.01)
(0.625 -0.3125 0.01)
(0.6375 -0.3125 0.01)
(-0.6375 -0.3 0.01)
(-0.625 -0.3 0.01)
(-0.6125 -0.3 0.01)
(-0.6 -0.3 0.01)
(0.6 -0.3 0.01)
(0.6125 -0.3 0.01)
(0.625 -0.3 0.01)
(0.6375 -0.3 0.01)
(-0.6375 -0.2875 0.01)
(-0.625 -0.2875 0.01)
(-0.6125 -0.2875 0.01)
(-0.6 -0.2875 0.01)
(0.6 -0.2875 0.01)
(0.6125 -0.2875 0.01)
(0.625 -0.2875 0.01)
(0.6375 -0.2875 0.01)
(-0.6375 -0.275 0.01)
(-0.625 -0.275 0.01)
(-0.6125 -0.275 0.01)
(-0.6 -0.275 0.01)
(0.6 -0.275 0.01)
(0.6125 -0.275 0.01)
(0.625 -0.275 0.01)
(0.6375 -0.275 0.01)
(-0.6375 -0.2625 0.01)
(-0.625 -0.2625 0.01)
(-0.6125 -0.2625 0.01)
(-0.6 -0.2625 0.01)
(0.6 -0.2625 0.01)
(0.6125 -0.2625 0.01)
(0.625 -0.2625 0.01)
(0.6375 -0.2625 0.01)
(-0.6375 -0.25 0.01)
(-0.625 -0.25 0.01)
(-0.6125 -0.25 0.01)
(-0.6 -0.25 0.01)
(0.6 -0.25 0.01)
(0.6125 -0.25 0.01)
(0.625 -0.25 0.01)
(0.6375 -0.25 0.01)
(-0.6375 -0.2375 0.01)
(-0.625 -0.2375 0.01)
(-0.6125 -0.2375 0.01)
(-0.6 -0.2375 0.01)
(0.6 -0.2375 0.01)
(0.6125 -0.2375 0.01)
(0.625 -0.2375 0.01)
(0.6375 -0.2375 0.01)
(-0.6375 -0.225 0.01)
(-0.625 -0.225 0.01)
(-0.6125 -0.225 0.01)
(-0.6 -0.225 0.01)
(0.6 -0.225 0.01)
(0.6125 -0.225 0.01)
(0.625 -0.225 0.01)
(0.6375 -0.225 0.01)
(-0.6375 -0.2125 0.01)
(-0.625 -0.2125 0.01)
(-0.6125 -0.2125 0.01)
(-0.6 -0.2125 0.01)
(0.6 -0.2125 0.01)
(0.6125 -0.2125 0.01)
(0.625 -0.2125 0.01)
(0.6375 -0.2125 0.01)
(-0.6375 -0.2 0.01)
(-0.625 -0.2 0.01)
(-0.6125 -0.2 0.01)
(-0.6 -0.2 0.01)
(0.6 -0.2 0.01)
(0.6125 -0.2 0.01)
(0.625 -0.2 0.01)
(0.6375 -0.2 0.01)
(-0.6375 -0.1875 0.01)
(-0.625 -0.1875 0.01)
(-0.6125 -0.1875 0.01)
(-0.6 -0.1875 0.01)
(0.6 -0.1875 0.01)
(0.6125 -0.1875 0.01)
(0.625 -0.1875 0.01)
(0.6375 -0.1875 0.01)
(-0.6375 -0.175 0.01)
(-0.625 -0.175 0.01)
(-0.6125 -0.175 0.01)
(-0.6 -0.175 0.01)
(0.6 -0.175 0.01)
(0.6125 -0.175 0.01)
(0.625 -0.175 0.01)
(0.6375 -0.175 0.01)
(-0.6375 -0.1625 0.01)
(-0.625 -0.1625 0.01)
(-0.6125 -0.1625 0.01)
(-0.6 -0.1625 0.01)
(0.6 -0.1625 0.01)
(0.6125 -0.1625 0.01)
(0.625 -0.1625 0.01)
(0.6375 -0.1625 0.01)
(-0.6375 -0.15 0.01)
(-0.625 -0.15 0.01)
(-0.6125 -0.15 0.01)
(-0.6 -0.15 0.01)
(0.6 -0.15 0.01)
(0.6125 -0.15 0.01)
(0.625 -0.15 0.01)
(0.6375 -0.15 0.01)
(-0.6375 -0.1375 0.01)
(-0.625 -0.1375 0.01)
(-0.6125 -0.1375 0.01)
(-0.6 -0.1375 0.01)
(0.6 -0.1375 0.01)
(0.6125 -0.1375 0.01)
(0.625 -0.1375 0.01)
(0.6375 -0.1375 0.01)
(-0.6375 -0.125 0.01)
(-0.625 -0.125 0.01)
(-0.6125 -0.125 0.01)
(-0.6 -0.125 0.01)
(0.6 -0.125 0.01)
(0.6125 -0.125 0.01)
(0.625 -0.125 0.01)
(0.6375 -0.125 0.01)
(-0.6375 -0.1125 0.01)
(-0.625 -0.1125 0.01)
(-0.6125 -0.1125 0.01)
(-0.6 -0.1125 0.01)
(0.6 -0.1125 0.01)
(0.6125 -0.1125 0.01)
(0.625 -0.1125 0.01)
(0.6375 -0.1125 0.01)
(-0.6375 -0.1 0.01)
(-0.625 -0.1 0.01)
(-0.6125 -0.1 0.01)
(-0.6 -0.1 0.01)
(0.6 -0.1 0.01)
(0.6125 -0.1 0.01)
(0.625 -0.1 0.01)
(0.6375 -0.1 0.01)
(-0.6375 -0.0875 0.01)
(-0.625 -0.0875 0.01)
(-0.6125 -0.0875 0.01)
(-0.6 -0.0875 0.01)
(0.6 -0.0875 0.01)
(0.6125 -0.0875 0.01)
(0.625 -0.0875 0.01)
(0.6375 -0.0875 0.01)
(-0.6375 -0.075 0.01)
(-0.625 -0.075 0.01)
(-0.6125 -0.075 0.01)
(-0.6 -0.075 0.01)
(0.6 -0.075 0.01)
(0.6125 -0.075 0.01)
(0.625 -0.075 0.01)
(0.6375 -0.075 0.01)
(-0.6375 -0.0625 0.01)
(-0.625 -0.0625 0.01)
(-0.6125 -0.0625 0.01)
(-0.6 -0.0625 0.01)
(0.6 -0.0625 0.01)
(0.6125 -0.0625 0.01)
(0.625 -0.0625 0.01)
(0.6375 -0.0625 0.01)
(-0.6375 -0.05 0.01)
(-0.625 -0.05 0.01)
(-0.6125 -0.05 0.01)
(-0.6 -0.05 0.01)
(0.6 -0.05 0.01)
(0.6125 -0.05 0.01)
(0.625 -0.05 0.01)
(0.6375 -0.05 0.01)
(-0.6375 -0.0375 0.01)
(-0.625 -0.0375 0.01)
(-0.6125 -0.0375 0.01)
(-0.6 -0.0375 0.01)
(0.6 -0.0375 0.01)
(0.6125 -0.0375 0.01)
(0.625 -0.0375 0.01)
(0.6375 -0.0375 0.01)
(-0.6375 -0.025 0.01)
(-0.625 -0.025 0.01)
(-0.6125 -0.025 0.01)
(-0.6 -0.025 0.01)
(0.6 -0.025 0.01)
(0.6125 -0.025 0.01)
(0.625 -0.025 0.01)
(0.6375 -0.025 0.01)
(-0.6375 -0.0125 0.01)
(-0.625 -0.0125 0.01)
(-0.6125 -0.0125 0.01)
(-0.6 -0.0125 0.01)
(0.6 -0.0125 0.01)
(0.6125 -0.0125 0.01)
(0.625 -0.0125 0.01)
(0.6375 -0.0125 0.01)
(-0.6375 -7.40148683083e-17 0.01)
(-0.625 -3.70074341542e-17 0.01)
(-0.6125 -3.70074341542e-17 0.01)
(-0.6 -7.40148683083e-17 0.01)
(0.6 -6.01370805005e-17 0.01)
(0.6125 -5.89805981832e-17 0.01)
(0.625 -3.87421576301e-17 0.01)
(0.6375 -7.40148683083e-17 0.01)
(-0.6375 0.0125 0.01)
(-0.625 0.0125 0.01)
(-0.6125 0.0125 0.01)
(-0.6 0.0125 0.01)
(0.6 0.0125 0.01)
(0.6125 0.0125 0.01)
(0.625 0.0125 0.01)
(0.6375 0.0125 0.01)
(-0.6375 0.025 0.01)
(-0.625 0.025 0.01)
(-0.6125 0.025 0.01)
(-0.6 0.025 0.01)
(0.6 0.025 0.01)
(0.6125 0.025 0.01)
(0.625 0.025 0.01)
(0.6375 0.025 0.01)
(-0.6375 0.0375 0.01)
(-0.625 0.0375 0.01)
(-0.6125 0.0375 0.01)
(-0.6 0.0375 0.01)
(0.6 0.0375 0.01)
(0.6125 0.0375 0.01)
(0.625 0.0375 0.01)
(0.6375 0.0375 0.01)
(-0.6375 0.05 0.01)
(-0.625 0.05 0.01)
(-0.6125 0.05 0.01)
(-0.6 0.05 0.01)
(0.6 0.05 0.01)
(0.6125 0.05 0.01)
(0.625 0.05 0.01)
(0.6375 0.05 0.01)
(-0.6375 0.0625 0.01)
(-0.625 0.0625 0.01)
(-0.6125 0.0625 0.01)
(-0.6 0.0625 0.01)
(0.6 0.0625 0.01)
(0.6125 0.0625 0.01)
(0.625 0.0625 0.01)
(0.6375 0.0625 0.01)
(-0.6375 0.075 0.01)
(-0.625 0.075 0.01)
(-0.6125 0.075 0.01)
(-0.6 0.075 0.01)
(0.6 0.075 0.01)
(0.6125 0.075 0.01)
(0.625 0.075 0.01)
(0.6375 0.075 0.01)
(-0.6375 0.0875 0.01)
(-0.625 0.0875 0.01)
(-0.6125 0.0875 0.01)
(-0.6 0.0875 0.01)
(0.6 0.0875 0.01)
(0.6125 0.0875 0.01)
(0.625 0.0875 0.01)
(0.6375 0.0875 0.01)
(-0.6375 0.1 0.01)
(-0.625 0.1 0.01)
(-0.6125 0.1 0.01)
(-0.6 0.1 0.01)
(0.6 0.1 0.01)
(0.6125 0.1 0.01)
(0.625 0.1 0.01)
(0.6375 0.1 0.01)
(-0.6375 0.1125 0.01)
(-0.625 0.1125 0.01)
(-0.6125 0.1125 0.01)
(-0.6 0.1125 0.01)
(0.6 0.1125 0.01)
(0.6125 0.1125 0.01)
(0.625 0.1125 0.01)
(0.6375 0.1125 0.01)
(-0.6375 0.125 0.01)
(-0.625 0.125 0.01)
(-0.6125 0.125 0.01)
(-0.6 0.125 0.01)
(0.6 0.125 0.01)
(0.6125 0.125 0.01)
(0.625 0.125 0.01)
(0.6375 0.125 0.01)
(-0.6375 0.1375 0.01)
(-0.625 0.1375 0.01)
(-0.6125 0.1375 0.01)
(-0.6 0.1375 0.01)
(0.6 0.1375 0.01)
(0.6125 0.1375 0.01)
(0.625 0.1375 0.01)
(0.6375 0.1375 0.01)
(-0.6375 0.15 0.01)
(-0.625 0.15 0.01)
(-0.6125 0.15 0.01)
(-0.6 0.15 0.01)
(0.6 0.15 0.01)
(0.6125 0.15 0.01)
(0.625 0.15 0.01)
(0.6375 0.15 0.01)
(-0.6375 0.1625 0.01)
(-0.625 0.1625 0.01)
(-0.6125 0.1625 0.01)
(-0.6 0.1625 0.01)
(0.6 0.1625 0.01)
(0.6125 0.1625 0.01)
(0.625 0.1625 0.01)
(0.6375 0.1625 0.01)
(-0.6375 0.175 0.01)
(-0.625 0.175 0.01)
(-0.6125 0.175 0.01)
(-0.6 0.175 0.01)
(0.6 0.175 0.01)
(0.6125 0.175 0.01)
(0.625 0.175 0.01)
(0.6375 0.175 0.01)
(-0.6375 0.1875 0.01)
(-0.625 0.1875 0.01)
(-0.6125 0.1875 0.01)
(-0.6 0.1875 0.01)
(0.6 0.1875 0.01)
(0.6125 0.1875 0.01)
(0.625 0.1875 0.01)
(0.6375 0.1875 0.01)
(-0.6375 0.2 0.01)
(-0.625 0.2 0.01)
(-0.6125 0.2 0.01)
(-0.6 0.2 0.01)
(0.6 0.2 0.01)
(0.6125 0.2 0.01)
(0.625 0.2 0.01)
(0.6375 0.2 0.01)
(-0.6375 0.2125 0.01)
(-0.625 0.2125 0.01)
(-0.6125 0.2125 0.01)
(-0.6 0.2125 0.01)
(0.6 0.2125 0.01)
(0.6125 0.2125 0.01)
(0.625 0.2125 0.01)
(0.6375 0.2125 0.01)
(-0.6375 0.225 0.01)
(-0.625 0.225 0.01)
(-0.6125 0.225 0.01)
(-0.6 0.225 0.01)
(0.6 0.225 0.01)
(0.6125 0.225 0.01)
(0.625 0.225 0.01)
(0.6375 0.225 0.01)
(-0.6375 0.2375 0.01)
(-0.625 0.2375 0.01)
(-0.6125 0.2375 0.01)
(-0.6 0.2375 0.01)
(0.6 0.2375 0.01)
(0.6125 0.2375 0.01)
(0.625 0.2375 0.01)
(0.6375 0.2375 0.01)
(-0.6375 0.25 0.01)
(-0.625 0.25 0.01)
(-0.6125 0.25 0.01)
(-0.6 0.25 0.01)
(0.6 0.25 0.01)
(0.6125 0.25 0.01)
(0.625 0.25 0.01)
(0.6375 0.25 0.01)
(-0.6375 0.2625 0.01)
(-0.625 0.2625 0.01)
(-0.6125 0.2625 0.01)
(-0.6 0.2625 0.01)
(0.6 0.2625 0.01)
(0.6125 0.2625 0.01)
(0.625 0.2625 0.01)
(0.6375 0.2625 0.01)
(-0.6375 0.275 0.01)
(-0.625 0.275 0.01)
(-0.6125 0.275 0.01)
(-0.6 0.275 0.01)
(0.6 0.275 0.01)
(0.6125 0.275 0.01)
(0.625 0.275 0.01)
(0.6375 0.275 0.01)
(-0.6375 0.2875 0.01)
(-0.625 0.2875 0.01)
(-0.6125 0.2875 0.01)
(-0.6 0.2875 0.01)
(0.6 0.2875 0.01)
(0.6125 0.2875 0.01)
(0.625 0.2875 0.01)
(0.6375 0.2875 0.01)
(-0.6375 0.3 0.01)
(-0.625 0.3 0.01)
(-0.6125 0.3 0.01)
(-0.6 0.3 0.01)
(0.6 0.3 0.01)
(0.6125 0.3 0.01)
(0.625 0.3 0.01)
(0.6375 0.3 0.01)
(-0.6375 0.3125 0.01)
(-0.625 0.3125 0.01)
(-0.6125 0.3125 0.01)
(-0.6 0.3125 0.01)
(0.6 0.3125 0.01)
(0.6125 0.3125 0.01)
(0.625 0.3125 0.01)
(0.6375 0.3125 0.01)
(-0.6375 0.325 0.01)
(-0.625 0.325 0.01)
(-0.6125 0.325 0.01)
(-0.6 0.325 0.01)
(0.6 0.325 0.01)
(0.6125 0.325 0.01)
(0.625 0.325 0.01)
(0.6375 0.325 0.01)
(-0.6375 0.3375 0.01)
(-0.625 0.3375 0.01)
(-0.6125 0.3375 0.01)
(-0.6 0.3375 0.01)
(0.6 0.3375 0.01)
(0.6125 0.3375 0.01)
(0.625 0.3375 0.01)
(0.6375 0.3375 0.01)
(-0.6375 0.35 0.01)
(-0.625 0.35 0.01)
(-0.6125 0.35 0.01)
(-0.6 0.35 0.01)
(0.6 0.35 0.01)
(0.6125 0.35 0.01)
(0.625 0.35 0.01)
(0.6375 0.35 0.01)
(-0.6375 0.3625 0.01)
(-0.625 0.3625 0.01)
(-0.6125 0.3625 0.01)
(-0.6 0.3625 0.01)
(0.6 0.3625 0.01)
(0.6125 0.3625 0.01)
(0.625 0.3625 0.01)
(0.6375 0.3625 0.01)
(-0.6375 0.375 0.01)
(-0.625 0.375 0.01)
(-0.6125 0.375 0.01)
(-0.6 0.375 0.01)
(0.6 0.375 0.01)
(0.6125 0.375 0.01)
(0.625 0.375 0.01)
(0.6375 0.375 0.01)
(-0.6375 0.3875 0.01)
(-0.625 0.3875 0.01)
(-0.6125 0.3875 0.01)
(-0.6 0.3875 0.01)
(0.6 0.3875 0.01)
(0.6125 0.3875 0.01)
(0.625 0.3875 0.01)
(0.6375 0.3875 0.01)
(-0.6375 0.4 0.01)
(-0.625 0.4 0.01)
(-0.6125 0.4 0.01)
(-0.6 0.4 0.01)
(0.6 0.4 0.01)
(0.6125 0.4 0.01)
(0.625 0.4 0.01)
(0.6375 0.4 0.01)
(-0.6375 0.4125 0.01)
(-0.625 0.4125 0.01)
(-0.6125 0.4125 0.01)
(-0.6 0.4125 0.01)
(0.6 0.4125 0.01)
(0.6125 0.4125 0.01)
(0.625 0.4125 0.01)
(0.6375 0.4125 0.01)
(-0.6375 0.425 0.01)
(-0.625 0.425 0.01)
(-0.6125 0.425 0.01)
(-0.6 0.425 0.01)
(0.6 0.425 0.01)
(0.6125 0.425 0.01)
(0.625 0.425 0.01)
(0.6375 0.425 0.01)
(-0.6375 0.4375 0.01)
(-0.625 0.4375 0.01)
(-0.6125 0.4375 0.01)
(-0.6 0.4375 0.01)
(0.6 0.4375 0.01)
(0.6125 0.4375 0.01)
(0.625 0.4375 0.01)
(0.6375 0.4375 0.01)
(-0.6375 0.45 0.01)
(-0.625 0.45 0.01)
(-0.6125 0.45 0.01)
(-0.6 0.45 0.01)
(0.6 0.45 0.01)
(0.6125 0.45 0.01)
(0.625 0.45 0.01)
(0.6375 0.45 0.01)
(-0.6375 0.4625 0.01)
(-0.625 0.4625 0.01)
(-0.6125 0.4625 0.01)
(-0.6 0.4625 0.01)
(0.6 0.4625 0.01)
(0.6125 0.4625 0.01)
(0.625 0.4625 0.01)
(0.6375 0.4625 0.01)
(-0.6375 0.475 0.01)
(-0.625 0.475 0.01)
(-0.6125 0.475 0.01)
(-0.6 0.475 0.01)
(0.6 0.475 0.01)
(0.6125 0.475 0.01)
(0.625 0.475 0.01)
(0.6375 0.475 0.01)
(-0.6375 0.4875 0.01)
(-0.625 0.4875 0.01)
(-0.6125 0.4875 0.01)
(-0.6 0.4875 0.01)
(0.6 0.4875 0.01)
(0.6125 0.4875 0.01)
(0.625 0.4875 0.01)
(0.6375 0.4875 0.01)
(-0.6375 0.5 0.01)
(-0.625 0.5 0.01)
(-0.6125 0.5 0.01)
(-0.6 0.5 0.01)
(0.6 0.5 0.01)
(0.6125 0.5 0.01)
(0.625 0.5 0.01)
(0.6375 0.5 0.01)
(-0.6375 0.5125 0.01)
(-0.625 0.5125 0.01)
(-0.6125 0.5125 0.01)
(-0.6 0.5125 0.01)
(0.6 0.5125 0.01)
(0.6125 0.5125 0.01)
(0.625 0.5125 0.01)
(0.6375 0.5125 0.01)
(-0.6375 0.525 0.01)
(-0.625 0.525 0.01)
(-0.6125 0.525 0.01)
(-0.6 0.525 0.01)
(0.6 0.525 0.01)
(0.6125 0.525 0.01)
(0.625 0.525 0.01)
(0.6375 0.525 0.01)
(-0.6375 0.5375 0.01)
(-0.625 0.5375 0.01)
(-0.6125 0.5375 0.01)
(-0.6 0.5375 0.01)
(0.6 0.5375 0.01)
(0.6125 0.5375 0.01)
(0.625 0.5375 0.01)
(0.6375 0.5375 0.01)
(-0.6375 0.55 0.01)
(-0.625 0.55 0.01)
(-0.6125 0.55 0.01)
(-0.6 0.55 0.01)
(0.6 0.55 0.01)
(0.6125 0.55 0.01)
(0.625 0.55 0.01)
(0.6375 0.55 0.01)
(-0.6375 0.5625 0.01)
(-0.625 0.5625 0.01)
(-0.6125 0.5625 0.01)
(-0.6 0.5625 0.01)
(0.6 0.5625 0.01)
(0.6125 0.5625 0.01)
(0.625 0.5625 0.01)
(0.6375 0.5625 0.01)
(-0.6375 0.575 0.01)
(-0.625 0.575 0.01)
(-0.6125 0.575 0.01)
(-0.6 0.575 0.01)
(0.6 0.575 0.01)
(0.6125 0.575 0.01)
(0.625 0.575 0.01)
(0.6375 0.575 0.01)
(-0.6375 0.5875 0.01)
(-0.625 0.5875 0.01)
(-0.6125 0.5875 0.01)
(-0.6 0.5875 0.01)
(0.6 0.5875 0.01)
(0.6125 0.5875 0.01)
(0.625 0.5875 0.01)
(0.6375 0.5875 0.01)
(-0.6375 0.6 0.01)
(-0.625 0.6 0.01)
(-0.6125 0.6 0.01)
(-0.6 0.6 0.01)
(0.6 0.6 0.01)
(0.6125 0.6 0.01)
(0.625 0.6 0.01)
(0.6375 0.6 0.01)
(-0.6375 0.6125 0.01)
(-0.625 0.6125 0.01)
(-0.6125 0.6125 0.01)
(-0.6 0.6125 0.01)
(0.6 0.6125 0.01)
(0.6125 0.6125 0.01)
(0.625 0.6125 0.01)
(0.6375 0.6125 0.01)
(-0.6375 0.625 0.01)
(-0.625 0.625 0.01)
(-0.6125 0.625 0.01)
(-0.6 0.625 0.01)
(0.6 0.625 0.01)
(0.6125 0.625 0.01)
(0.625 0.625 0.01)
(0.6375 0.625 0.01)
(-0.6375 0.6375 0.01)
(-0.625 0.6375 0.01)
(-0.6125 0.6375 0.01)
(-0.6 0.6375 0.01)
(0.6 0.6375 0.01)
(0.6125 0.6375 0.01)
(0.625 0.6375 0.01)
(0.6375 0.6375 0.01)
(-0.6375 0.65 0.01)
(-0.625 0.65 0.01)
(-0.6125 0.65 0.01)
(-0.6 0.65 0.01)
(0.6 0.65 0.01)
(0.6125 0.65 0.01)
(0.625 0.65 0.01)
(0.6375 0.65 0.01)
(-0.6375 0.6625 0.01)
(-0.625 0.6625 0.01)
(-0.6125 0.6625 0.01)
(-0.6 0.6625 0.01)
(0.6 0.6625 0.01)
(0.6125 0.6625 0.01)
(0.625 0.6625 0.01)
(0.6375 0.6625 0.01)
(-0.6375 0.675 0.01)
(-0.625 0.675 0.01)
(-0.6125 0.675 0.01)
(-0.6 0.675 0.01)
(0.6 0.675 0.01)
(0.6125 0.675 0.01)
(0.625 0.675 0.01)
(0.6375 0.675 0.01)
(-0.6375 0.6875 0.01)
(-0.625 0.6875 0.01)
(-0.6125 0.6875 0.01)
(-0.6 0.6875 0.01)
(0.6 0.6875 0.01)
(0.6125 0.6875 0.01)
(0.625 0.6875 0.01)
(0.6375 0.6875 0.01)
(-0.6375 0.7 0.01)
(-0.625 0.7 0.01)
(-0.6125 0.7 0.01)
(-0.6 0.7 0.01)
(0.6 0.7 0.01)
(0.6125 0.7 0.01)
(0.625 0.7 0.01)
(0.6375 0.7 0.01)
(-0.6375 0.7125 0.01)
(-0.625 0.7125 0.01)
(-0.6125 0.7125 0.01)
(-0.6 0.7125 0.01)
(0.6 0.7125 0.01)
(0.6125 0.7125 0.01)
(0.625 0.7125 0.01)
(0.6375 0.7125 0.01)
(-0.6375 0.725 0.01)
(-0.625 0.725 0.01)
(-0.6125 0.725 0.01)
(-0.6 0.725 0.01)
(-0.5875 0.725 0.01)
(-0.575 0.725 0.01)
(-0.5625 0.725 0.01)
(-0.55 0.725 0.01)
(-0.5375 0.725 0.01)
(-0.525 0.725 0.01)
(-0.5125 0.725 0.01)
(-0.5 0.725 0.01)
(-0.4875 0.725 0.01)
(-0.475 0.725 0.01)
(-0.4625 0.725 0.01)
(-0.45 0.725 0.01)
(-0.4375 0.725 0.01)
(-0.425 0.725 0.01)
(-0.4125 0.725 0.01)
(-0.4 0.725 0.01)
(-0.3875 0.725 0.01)
(-0.375 0.725 0.01)
(-0.3625 0.725 0.01)
(-0.35 0.725 0.01)
(-0.3375 0.725 0.01)
(-0.325 0.725 0.01)
(-0.3125 0.725 0.01)
(-0.3 0.725 0.01)
(-0.2875 0.725 0.01)
(-0.275 0.725 0.01)
(-0.2625 0.725 0.01)
(-0.25 0.725 0.01)
(-0.2375 0.725 0.01)
(-0.225 0.725 0.01)
(-0.2125 0.725 0.01)
(-0.2 0.725 0.01)
(-0.1875 0.725 0.01)
(-0.175 0.725 0.01)
(-0.1625 0.725 0.01)
(-0.15 0.725 0.01)
(-0.1375 0.725 0.01)
(-0.125 0.725 0.01)
(-0.1125 0.725 0.01)
(-0.1 0.725 0.01)
(-0.0875 0.725 0.01)
(-0.075 0.725 0.01)
(-0.0625 0.725 0.01)
(-0.05 0.725 0.01)
(-0.0375 0.725 0.01)
(-0.025 0.725 0.01)
(-0.0125 0.725 0.01)
(0 0.725 0.01)
(0.0125 0.725 0.01)
(0.025 0.725 0.01)
(0.0375 0.725 0.01)
(0.05 0.725 0.01)
(0.0625 0.725 0.01)
(0.075 0.725 0.01)
(0.0875 0.725 0.01)
(0.1 0.725 0.01)
(0.1125 0.725 0.01)
(0.125 0.725 0.01)
(0.1375 0.725 0.01)
(0.15 0.725 0.01)
(0.1625 0.725 0.01)
(0.175 0.725 0.01)
(0.1875 0.725 0.01)
(0.2 0.725 0.01)
(0.2125 0.725 0.01)
(0.225 0.725 0.01)
(0.2375 0.725 0.01)
(0.25 0.725 0.01)
(0.2625 0.725 0.01)
(0.275 0.725 0.01)
(0.2875 0.725 0.01)
(0.3 0.725 0.01)
(0.3125 0.725 0.01)
(0.325 0.725 0.01)
(0.3375 0.725 0.01)
(0.35 0.725 0.01)
(0.3625 0.725 0.01)
(0.375 0.725 0.01)
(0.3875 0.725 0.01)
(0.4 0.725 0.01)
(0.4125 0.725 0.01)
(0.425 0.725 0.01)
(0.4375 0.725 0.01)
(0.45 0.725 0.01)
(0.4625 0.725 0.01)
(0.475 0.725 0.01)
(0.4875 0.725 0.01)
(0.5 0.725 0.01)
(0.5125 0.725 0.01)
(0.525 0.725 0.01)
(0.5375 0.725 0.01)
(0.55 0.725 0.01)
(0.5625 0.725 0.01)
(0.575 0.725 0.01)
(0.5875 0.725 0.01)
(0.6 0.725 0.01)
(0.6125 0.725 0.01)
(0.625 0.725 0.01)
(0.6375 0.725 0.01)
(-0.6375 0.7375 0.01)
(-0.625 0.7375 0.01)
(-0.6125 0.7375 0.01)
(-0.6 0.7375 0.01)
(-0.5875 0.7375 0.01)
(-0.575 0.7375 0.01)
(-0.5625 0.7375 0.01)
(-0.55 0.7375 0.01)
(-0.5375 0.7375 0.01)
(-0.525 0.7375 0.01)
(-0.5125 0.7375 0.01)
(-0.5 0.7375 0.01)
(-0.4875 0.7375 0.01)
(-0.475 0.7375 0.01)
(-0.4625 0.7375 0.01)
(-0.45 0.7375 0.01)
(-0.4375 0.7375 0.01)
(-0.425 0.7375 0.01)
(-0.4125 0.7375 0.01)
(-0.4 0.7375 0.01)
(-0.3875 0.7375 0.01)
(-0.375 0.7375 0.01)
(-0.3625 0.7375 0.01)
(-0.35 0.7375 0.01)
(-0.3375 0.7375 0.01)
(-0.325 0.7375 0.01)
(-0.3125 0.7375 0.01)
(-0.3 0.7375 0.01)
(-0.2875 0.7375 0.01)
(-0.275 0.7375 0.01)
(-0.2625 0.7375 0.01)
(-0.25 0.7375 0.01)
(-0.2375 0.7375 0.01)
(-0.225 0.7375 0.01)
(-0.2125 0.7375 0.01)
(-0.2 0.7375 0.01)
(-0.1875 0.7375 0.01)
(-0.175 0.7375 0.01)
(-0.1625 0.7375 0.01)
(-0.15 0.7375 0.01)
(-0.1375 0.7375 0.01)
(-0.125 0.7375 0.01)
(-0.1125 0.7375 0.01)
(-0.1 0.7375 0.01)
(-0.0875 0.7375 0.01)
(-0.075 0.7375 0.01)
(-0.0625 0.7375 0.01)
(-0.05 0.7375 0.01)
(-0.0375 0.7375 0.01)
(-0.025 0.7375 0.01)
(-0.0125 0.7375 0.01)
(0 0.7375 0.01)
(0.0125 0.7375 0.01)
(0.025 0.7375 0.01)
(0.0375 0.7375 0.01)
(0.05 0.7375 0.01)
(0.0625 0.7375 0.01)
(0.075 0.7375 0.01)
(0.0875 0.7375 0.01)
(0.1 0.7375 0.01)
(0.1125 0.7375 0.01)
(0.125 0.7375 0.01)
(0.1375 0.7375 0.01)
(0.15 0.7375 0.01)
(0.1625 0.7375 0.01)
(0.175 0.7375 0.01)
(0.1875 0.7375 0.01)
(0.2 0.7375 0.01)
(0.2125 0.7375 0.01)
(0.225 0.7375 0.01)
(0.2375 0.7375 0.01)
(0.25 0.7375 0.01)
(0.2625 0.7375 0.01)
(0.275 0.7375 0.01)
(0.2875 0.7375 0.01)
(0.3 0.7375 0.01)
(0.3125 0.7375 0.01)
(0.325 0.7375 0.01)
(0.3375 0.7375 0.01)
(0.35 0.7375 0.01)
(0.3625 0.7375 0.01)
(0.375 0.7375 0.01)
(0.3875 0.7375 0.01)
(0.4 0.7375 0.01)
(0.4125 0.7375 0.01)
(0.425 0.7375 0.01)
(0.4375 0.7375 0.01)
(0.45 0.7375 0.01)
(0.4625 0.7375 0.01)
(0.475 0.7375 0.01)
(0.4875 0.7375 0.01)
(0.5 0.7375 0.01)
(0.5125 0.7375 0.01)
(0.525 0.7375 0.01)
(0.5375 0.7375 0.01)
(0.55 0.7375 0.01)
(0.5625 0.7375 0.01)
(0.575 0.7375 0.01)
(0.5875 0.7375 0.01)
(0.6 0.7375 0.01)
(0.6125 0.7375 0.01)
(0.625 0.7375 0.01)
(0.6375 0.7375 0.01)
(-0.6375 0.75 0.01)
(-0.625 0.75 0.01)
(-0.6125 0.75 0.01)
(-0.6 0.75 0.01)
(-0.5875 0.75 0.01)
(-0.575 0.75 0.01)
(-0.5625 0.75 0.01)
(-0.55 0.75 0.01)
(-0.5375 0.75 0.01)
(-0.525 0.75 0.01)
(-0.5125 0.75 0.01)
(-0.5 0.75 0.01)
(-0.4875 0.75 0.01)
(-0.475 0.75 0.01)
(-0.4625 0.75 0.01)
(-0.45 0.75 0.01)
(-0.4375 0.75 0.01)
(-0.425 0.75 0.01)
(-0.4125 0.75 0.01)
(-0.4 0.75 0.01)
(-0.3875 0.75 0.01)
(-0.375 0.75 0.01)
(-0.3625 0.75 0.01)
(-0.35 0.75 0.01)
(-0.3375 0.75 0.01)
(-0.325 0.75 0.01)
(-0.3125 0.75 0.01)
(-0.3 0.75 0.01)
(-0.2875 0.75 0.01)
(-0.275 0.75 0.01)
(-0.2625 0.75 0.01)
(-0.25 0.75 0.01)
(-0.2375 0.75 0.01)
(-0.225 0.75 0.01)
(-0.2125 0.75 0.01)
(-0.2 0.75 0.01)
(-0.1875 0.75 0.01)
(-0.175 0.75 0.01)
(-0.1625 0.75 0.01)
(-0.15 0.75 0.01)
(-0.1375 0.75 0.01)
(-0.125 0.75 0.01)
(-0.1125 0.75 0.01)
(-0.1 0.75 0.01)
(-0.0875 0.75 0.01)
(-0.075 0.75 0.01)
(-0.0625 0.75 0.01)
(-0.05 0.75 0.01)
(-0.0375 0.75 0.01)
(-0.025 0.75 0.01)
(-0.0125 0.75 0.01)
(0 0.75 0.01)
(0.0125 0.75 0.01)
(0.025 0.75 0.01)
(0.0375 0.75 0.01)
(0.05 0.75 0.01)
(0.0625 0.75 0.01)
(0.075 0.75 0.01)
(0.0875 0.75 0.01)
(0.1 0.75 0.01)
(0.1125 0.75 0.01)
(0.125 0.75 0.01)
(0.1375 0.75 0.01)
(0.15 0.75 0.01)
(0.1625 0.75 0.01)
(0.175 0.75 0.01)
(0.1875 0.75 0.01)
(0.2 0.75 0.01)
(0.2125 0.75 0.01)
(0.225 0.75 0.01)
(0.2375 0.75 0.01)
(0.25 0.75 0.01)
(0.2625 0.75 0.01)
(0.275 0.75 0.01)
(0.2875 0.75 0.01)
(0.3 0.75 0.01)
(0.3125 0.75 0.01)
(0.325 0.75 0.01)
(0.3375 0.75 0.01)
(0.35 0.75 0.01)
(0.3625 0.75 0.01)
(0.375 0.75 0.01)
(0.3875 0.75 0.01)
(0.4 0.75 0.01)
(0.4125 0.75 0.01)
(0.425 0.75 0.01)
(0.4375 0.75 0.01)
(0.45 0.75 0.01)
(0.4625 0.75 0.01)
(0.475 0.75 0.01)
(0.4875 0.75 0.01)
(0.5 0.75 0.01)
(0.5125 0.75 0.01)
(0.525 0.75 0.01)
(0.5375 0.75 0.01)
(0.55 0.75 0.01)
(0.5625 0.75 0.01)
(0.575 0.75 0.01)
(0.5875 0.75 0.01)
(0.6 0.75 0.01)
(0.6125 0.75 0.01)
(0.625 0.75 0.01)
(0.6375 0.75 0.01)
(-0.6375 0.7625 0.01)
(-0.625 0.7625 0.01)
(-0.6125 0.7625 0.01)
(-0.6 0.7625 0.01)
(-0.5875 0.7625 0.01)
(-0.575 0.7625 0.01)
(-0.5625 0.7625 0.01)
(-0.55 0.7625 0.01)
(-0.5375 0.7625 0.01)
(-0.525 0.7625 0.01)
(-0.5125 0.7625 0.01)
(-0.5 0.7625 0.01)
(-0.4875 0.7625 0.01)
(-0.475 0.7625 0.01)
(-0.4625 0.7625 0.01)
(-0.45 0.7625 0.01)
(-0.4375 0.7625 0.01)
(-0.425 0.7625 0.01)
(-0.4125 0.7625 0.01)
(-0.4 0.7625 0.01)
(-0.3875 0.7625 0.01)
(-0.375 0.7625 0.01)
(-0.3625 0.7625 0.01)
(-0.35 0.7625 0.01)
(-0.3375 0.7625 0.01)
(-0.325 0.7625 0.01)
(-0.3125 0.7625 0.01)
(-0.3 0.7625 0.01)
(-0.2875 0.7625 0.01)
(-0.275 0.7625 0.01)
(-0.2625 0.7625 0.01)
(-0.25 0.7625 0.01)
(-0.2375 0.7625 0.01)
(-0.225 0.7625 0.01)
(-0.2125 0.7625 0.01)
(-0.2 0.7625 0.01)
(-0.1875 0.7625 0.01)
(-0.175 0.7625 0.01)
(-0.1625 0.7625 0.01)
(-0.15 0.7625 0.01)
(-0.1375 0.7625 0.01)
(-0.125 0.7625 0.01)
(-0.1125 0.7625 0.01)
(-0.1 0.7625 0.01)
(-0.0875 0.7625 0.01)
(-0.075 0.7625 0.01)
(-0.0625 0.7625 0.01)
(-0.05 0.7625 0.01)
(-0.0375 0.7625 0.01)
(-0.025 0.7625 0.01)
(-0.0125 0.7625 0.01)
(0 0.7625 0.01)
(0.0125 0.7625 0.01)
(0.025 0.7625 0.01)
(0.0375 0.7625 0.01)
(0.05 0.7625 0.01)
(0.0625 0.7625 0.01)
(0.075 0.7625 0.01)
(0.0875 0.7625 0.01)
(0.1 0.7625 0.01)
(0.1125 0.7625 0.01)
(0.125 0.7625 0.01)
(0.1375 0.7625 0.01)
(0.15 0.7625 0.01)
(0.1625 0.7625 0.01)
(0.175 0.7625 0.01)
(0.1875 0.7625 0.01)
(0.2 0.7625 0.01)
(0.2125 0.7625 0.01)
(0.225 0.7625 0.01)
(0.2375 0.7625 0.01)
(0.25 0.7625 0.01)
(0.2625 0.7625 0.01)
(0.275 0.7625 0.01)
(0.2875 0.7625 0.01)
(0.3 0.7625 0.01)
(0.3125 0.7625 0.01)
(0.325 0.7625 0.01)
(0.3375 0.7625 0.01)
(0.35 0.7625 0.01)
(0.3625 0.7625 0.01)
(0.375 0.7625 0.01)
(0.3875 0.7625 0.01)
(0.4 0.7625 0.01)
(0.4125 0.7625 0.01)
(0.425 0.7625 0.01)
(0.4375 0.7625 0.01)
(0.45 0.7625 0.01)
(0.4625 0.7625 0.01)
(0.475 0.7625 0.01)
(0.4875 0.7625 0.01)
(0.5 0.7625 0.01)
(0.5125 0.7625 0.01)
(0.525 0.7625 0.01)
(0.5375 0.7625 0.01)
(0.55 0.7625 0.01)
(0.5625 0.7625 0.01)
(0.575 0.7625 0.01)
(0.5875 0.7625 0.01)
(0.6 0.7625 0.01)
(0.6125 0.7625 0.01)
(0.625 0.7625 0.01)
(0.6375 0.7625 0.01)
)


// ************************************************************************* //
